id,WTT,PTI,EQW,SBI,LQE,QWG,FDJ,PJF,HQE,NXJ,TARGET CLASS
0,0.9139173265804122,1.162072707738686,0.5679458536608835,0.7554638959888053,0.7808615715474211,0.3526077229335367,0.7596969140337959,0.6437975644205896,0.8794220913503251,1.2314094373345865,1
1,0.6356319040582334,1.0037216291809468,0.5353423517706737,0.8256448459795241,0.9241089292160148,0.6484502366838869,0.6753343122306434,1.0135459920525625,0.621552215350488,1.4927016046356893,0
2,0.7213598079583814,1.2014926236186863,0.921989733476548,0.8555949834078469,1.5266293883585085,0.720780887111782,1.626350711360958,1.1544831470276795,0.9578770228983207,1.2855967931952772,0
3,1.2342044015229892,1.3867262910227907,0.6530463056350606,0.8256244452701601,1.142503540047211,0.8751279212294097,1.4097080602602086,1.3800025459668137,1.5226920462447513,1.1530930248076359,1
4,1.2794908243775642,0.9497495573001323,0.6272800413029391,0.6689760819458959,1.2325373035658138,0.703727439100354,1.1155955027340818,0.6466906982053768,1.4638117509917998,1.4191665765843762,1
5,0.8339278078689033,1.5233022929842908,1.1047426719384665,1.0211389584916786,1.1073771190865573,1.010929535311455,1.2795375385634955,1.2806765605028951,0.5103502606885828,1.5280436719933008,0
6,0.944705324810325,1.2517613526416198,1.0748851233360022,0.2864729977042959,0.9964395359424398,0.428860233015393,0.9108049813806518,0.755304749443188,1.1118003206440747,1.110842304587948,0
7,0.8161738510447393,1.0883924418757835,0.8953432762342457,0.2438595724145306,0.9431227441630197,1.0451312781199018,1.1465359906964625,1.3418855002379353,1.2253240400987548,1.425784074075056,0
8,0.7765506447555577,1.4638122919815997,0.7838247603538856,0.33727798770452055,0.7422151578418024,1.072756125859452,0.8802998386864508,1.312950717261793,1.1181651614725663,1.2259216224600746,0
9,0.7722800983995451,0.5151114025789205,0.8915958817649459,0.9408615818708196,1.4305683180197413,0.8858762896892228,1.2052313213505024,0.5968577140172409,1.542579616778506,0.9818794904784506,1
10,1.2849990040490136,1.3310177465842807,0.618910313209785,0.657016785859359,1.0371909042607972,0.7173455687710786,0.7785005508674647,0.5993173608618111,1.2456758680994175,1.441694553152948,1
11,1.0643562445757082,1.4148845263201257,0.8967976148191213,0.6290880446545236,1.447704295196084,0.7919232692772614,0.9216755592660112,1.2372488986562182,0.5642809685035601,1.4236682647256556,0
12,0.6829530447496084,1.2547227175529716,0.9988704223479321,0.39770139558561657,1.0116214955505871,0.5678626561514217,1.3351199228410378,1.0937350642824266,0.8470152782170418,1.3747785844153046,0
13,0.9533179521807383,1.3189868456244938,0.5629211795359574,0.9055030139695552,1.248313546354401,0.6777951280327115,1.0173049197833077,0.5280651235170796,1.5417116669597262,1.1189600278680252,1
14,0.8012684651669667,0.9363900202768077,0.6969596024655909,0.97244008276352,0.8512992073685547,1.4431186437361139,1.1944758723294042,1.6414956847259414,1.1187371898357825,1.4265728063537206,0
15,1.0616909688729523,1.0448917200883072,0.5997289127307407,0.4652851033266815,0.9302882211291029,0.9743407705348972,1.2134499031622803,1.2475512449711672,1.2176248086532675,1.6231539362314389,1
16,0.7156447382137914,1.3785941313573975,0.9977967126919443,0.6749960576368299,1.2289282483981685,1.2232933841660856,0.5893461378067968,1.5599000010824744,0.8453239547721005,1.2487142712611825,0
17,0.8997915925056533,1.2258752018357808,1.330887212967689,0.3359894094466541,1.2735703873764825,1.1003605996238763,1.019616601003854,1.2238908885963478,1.1134413540442019,1.4901513720735597,0
18,0.8838129518549629,1.2758912269124052,0.9240655020062356,0.6688135835486453,1.269021128940495,1.3820934335375488,0.7282861785100792,0.7267229145853135,0.9758332454880194,1.6538146161831186,0
19,0.768310814718143,1.3943037810530128,0.8231175284789995,0.6120722368151168,1.2674141880767773,0.8819434717143285,1.1041781539429707,1.6609977809074516,0.7428853903371336,1.098704219810838,0
20,1.252863829726356,1.6618203295802507,0.9221975978344624,0.8750997893333804,1.4138518502519837,1.3304864859041228,0.8972730416734052,1.2809720066439747,0.736994289242539,1.1929655069313059,0
21,0.6124883281505922,1.3389812777148054,1.0726062283884108,0.7991930556815331,0.7226671118704198,1.139863388859353,0.9521532652784285,1.7419189403537028,1.0210072032169977,1.1992026084277267,0
22,0.6616516796635923,0.603561179189487,0.8841526290589251,0.4845252663016759,0.8322805549833094,1.0946539042183578,1.1561422643380612,1.3519791058998032,0.8433533628847394,1.4892083611324909,0
23,1.2776379622478955,0.9250028931182269,0.1709236280526556,1.057583266450316,0.995937643182956,0.9340525027323194,0.8777937123099377,1.0246839304175897,1.3931010525103433,1.22841069805588,1
24,1.1099530782372866,1.3634610476757212,0.647338964949469,0.3681381614183057,1.340851233705196,1.0885023149573883,1.071250324566456,1.132470741751323,0.7942874734814329,1.3784603357038456,0
25,0.5768393880646842,1.3190688081232933,1.1151116830678685,1.1319648250172127,1.5121613415827406,0.9546642272500373,1.101879740488028,1.0275915838423215,1.253366531926256,1.5905631456033518,0
26,0.8559268409002599,0.8596017558739408,0.8342336086059874,0.9056748104852618,1.1879947583734125,1.3987658762673483,0.9077560923977318,0.8666834570711334,1.7204399474236345,1.4283495182411237,1
27,0.9124034971067919,0.9356387057909005,0.5273029568939103,0.66953788705096,0.9792970849300706,0.7696003486925488,0.5344401855995703,0.6974521202342583,0.9859163806856037,1.541797614565934,1
28,0.6777784687774369,1.040820453140475,0.6557765653381392,0.47942506797390194,1.1193989752591258,1.2266946215853196,0.9718490666642221,1.0870903255009905,0.36515660986139775,1.1672394869722758,0
29,1.3930812244387965,1.1935588288222074,0.7661703698390682,0.9611502455872886,1.2250383474584967,1.1299039373130295,0.6347566388130244,0.509353298145014,1.380974604723617,1.4062520058862673,1
30,1.372113751495482,1.120192480289185,0.4701868483174356,0.9614909849438997,0.9774075065156522,0.8906270085995646,1.2855781378365936,0.9039827854981932,1.362030113255802,1.5749672603625866,1
31,0.8140052893054539,0.596725790320938,0.3889306094236642,0.6266178302380991,0.6638187661948898,0.9849428449877609,0.778532197167443,0.8401999846686004,0.812727504347692,0.74104773701141,1
32,1.605452047899693,0.5496354545977694,0.6063241908371877,0.7718319538103644,1.1205961822029975,1.1489931405786231,1.1515984257165195,0.6803956639672846,1.244797083192656,0.9580324817861823,1
33,1.0640134353736972,1.3654476012094343,1.0361138855991836,0.7271835604500125,1.094509476239847,1.0393668065124126,0.7337752069218941,1.1598912312287268,1.6371194002410767,1.5232337388291597,1
34,1.223551680475862,1.003470683777292,0.498671343873877,0.5698403857533578,0.9867984054065585,0.9240527040719875,0.8691866202946212,0.8405121006127266,1.5796117033876969,1.359450072200589,1
35,0.4557830489941793,1.0540430236944476,1.2020980434858317,0.7367066823174624,1.365013923538095,1.231625311448146,0.8026729372784691,1.133633191811246,0.9141578679240843,1.5828294355601633,0
36,0.42937200504972994,1.0857856079556047,0.7669816650236949,0.6780207719209472,1.2987578576825367,0.9377050490955077,0.9864956652095689,1.2227382145601617,0.6492335960702618,1.4930392329750002,0
37,0.9800290743468631,1.443143650471915,0.795674985470538,0.5150469258142845,0.7490908935352308,0.8138080921188664,0.9292001091953114,0.7003587570144432,1.4917387669809747,1.3034293182853645,1
38,1.291348880266143,0.8576614540014977,1.022850870980417,0.47330855375440106,1.2631278802356498,0.97166314872735,1.039442874120983,0.7448585299561221,1.6784370672007245,1.141281646838869,1
39,0.3423861335028967,1.0912994001249683,0.8917589238072412,0.564600324555921,0.5919568076619744,1.1646155925014647,1.103144858988872,1.33012266177771,0.9037876381297127,1.1882690142739003,0
40,1.0510960958371105,0.5693348894789234,0.5546655128694725,0.48880350446649956,1.1833604822693986,0.6197004651737519,0.9661774830815238,0.7474662035132893,1.2247206202221188,1.2420881002397657,1
41,0.6835077188771567,1.6069206183029692,0.9164771759687467,1.0987496235799796,0.8077992844908164,0.8863844365460174,0.8499935623256358,0.976009157759598,1.0902258702873653,1.6585473695578625,0
42,1.271696702633622,0.9318869549226617,0.7736473882798438,0.5211039985897288,1.0866489046331653,1.203040989700486,1.1020308071309872,0.9205815828438679,1.1865102186494292,1.7353416358729479,1
43,0.7543683048331964,0.8591531832406194,0.845686848201672,0.8720073230320555,0.6357640490847025,1.2639397092323281,1.4745026604984306,1.5106189371850431,0.6591950514351181,1.274350297094202,0
44,1.0427278626556602,1.0231505712483004,1.400543493244708,0.8364052439579379,0.600609495148613,1.1027008258173037,1.0874615154606484,1.565822847863717,0.6002082213838216,1.390821357565386,0
45,0.9670538002236413,1.0079318742283951,0.8838382321471021,0.3577030713648989,0.843995085990221,0.3600381751802846,0.7579739421367545,1.0650222294678682,1.024564017399638,1.2748020525111534,0
46,0.6668342702631934,1.2411590275792814,1.1770842010037144,0.6812752661140262,1.0451616996488065,0.9421137613466889,0.985035923685105,1.2834866396090505,0.9007618749076379,1.7759326324371942,0
47,1.035563114273372,1.3036700087359139,0.9735418936054845,0.8555158166428533,1.1143705368825738,0.6726016994821391,1.399703729091959,1.0025609132934523,1.7497597291265876,1.2067958713984965,1
48,0.8119285023917664,1.4055002261939873,0.9408635196010374,0.6734008020069695,1.2193039348974986,1.2331279792965741,1.1523152044795753,1.4206692449591949,1.148010883503726,1.604584064876156,0
49,1.1057878219074593,0.683749775625744,0.19436573957761227,0.7497146519696594,1.0083327436669216,1.266938555019228,1.046832118965652,0.9945154449576183,1.3208215782272188,1.0250993182080819,1
50,0.876632791231461,1.2517262845995492,1.0731937174889985,0.8699171273976818,1.0502807359416437,1.5074240361383002,0.7117281262602216,1.7092144295671623,0.9663919215706137,1.2278441294589042,0
51,1.51503909642532,0.9005809904603852,0.6131687313104677,0.6674354513441034,1.164377067274272,0.8797493076931261,0.7335472016224399,0.5645303497257295,1.2200107865409275,1.3377828810394925,1
52,1.072980825186249,1.0849766841964468,0.5299723001579897,0.40197052918365084,1.0168921882210844,0.7200798056627427,1.0836717565652703,0.8326403808701984,1.5162465840502959,1.1694876809333479,1
53,1.2876165423390726,1.143478574547716,0.5364872093783652,0.6699547331729616,0.7774501328117995,0.8448704920279387,0.6462972643933304,0.7761334005762183,1.4861149416764645,1.29629953481304,1
54,1.6728167555831346,0.8820131299591508,0.5832705336154076,0.7435564471585216,0.8053592211850233,0.844470810632092,1.1191065225076822,0.6982599635809834,1.1820221136175961,1.305826982633028,1
55,1.0496707023038592,0.955805232291402,1.1925299661642308,0.9635471252799906,0.8822636898319365,1.2187027353920765,0.7932542074182549,1.7854196250383634,1.1382222066069554,1.4655718313518888,0
56,0.9924136781423408,1.2512032034426053,0.3780466395052905,0.5345517089186405,0.9295185341761097,0.845214515100936,0.9932975338840059,1.5014548448156395,0.829885114905469,1.1549327662815838,0
57,1.1657563045402264,1.2419318880288719,1.1869647990916568,0.43829884240522965,0.7411288284495505,0.5398072268885368,0.7612036344481447,1.1281685362993432,1.111126867962131,1.4460247212345738,1
58,1.4034172577342798,1.1581302052894091,0.5792853367362063,0.6909880139728422,1.2473978337436589,0.6915634945757851,0.817470012180858,1.0275480296269333,1.2683346238031934,1.5266325020383062,1
59,0.6054300984696943,0.6152522629351653,0.8112484424726514,0.8797584935348545,0.8789183385324181,1.0053139909817892,0.9862262792508354,0.7841143262567882,1.5094020946914537,1.5702830529246548,1
60,1.0680918859569482,0.981025703675501,1.0607194731037348,0.5364038460006448,0.47641741762186973,1.0447771514576414,1.525312775963254,1.2737905321265512,0.7651250347675275,1.306872109356813,0
61,0.3808650950874042,1.1754791586272746,1.151220687682399,0.5694661856847443,1.1986470592977505,0.9403934540166096,0.9354747663896844,1.2354044279036176,1.3658701853790527,1.3757640686178525,0
62,1.0467072452661497,0.7146883903573619,0.7674533256981432,0.8146689387151527,0.7665536104023218,1.000397871653621,1.4567225053211976,1.5058830871222217,1.3098641963977204,1.461480032727878,0
63,0.6271078874171689,1.3024610650171902,1.0122080925646333,0.9286065323996293,1.4144060035028296,1.0013383348797371,1.1724797222999046,1.4812936505414582,0.7336291266780166,1.5100414787957734,0
64,1.421117292406936,1.3339170716655349,0.8374453493595121,0.45640234072105523,1.0517419975772901,0.940913602857682,0.8267361185857552,0.8416522943563973,1.3054916813362263,1.4844060416388938,1
65,0.7882780820330564,1.1369009492898707,0.5370147352596559,0.5042317579821601,1.0587619113864808,1.1841217810427178,1.0244844444743006,0.8741379186905784,1.2053809827675688,1.6166964912145383,1
66,1.721779168965468,1.1595823270978054,0.7127178899809794,0.5413692651487556,0.7159460249819936,1.179927196215996,1.0574226215763292,0.9878995265892944,0.7911648910537397,1.0240585145563228,1
67,0.8025839489148171,1.0753594666523403,1.0441957713608587,0.6545261173693389,0.9836629389519826,1.1351897172951202,0.9898655344962518,1.4975687069763564,1.3028823960106797,1.6899885167025324,0
68,1.4427875810717772,0.9053188154665563,1.1586774074608104,0.575526208199218,1.196053845589798,0.6580823745850006,0.8378698821933868,0.7310676492111197,1.559117149981824,1.1518241319261635,1
69,1.2126577846566884,1.1276236535629955,0.785995570090722,0.5010812423799265,1.3666835283100227,0.967339942666665,0.596952155963312,1.2169791158505368,1.0408129357952225,1.545026935706078,0
70,1.1989994953682368,1.0242945097681138,0.7443147663191609,0.38913944054398564,0.8449839151788827,0.6223703528588784,0.7832239280274533,1.4874278938221288,1.2571613633013146,0.937234603219097,0
71,0.8602556222225428,1.5225853770837832,0.9513141043084207,0.4227906152888966,0.5869667635122215,0.8036095442633157,1.0962323722896195,0.9045219139233154,1.2309287324759024,1.3016033203922268,0
72,1.2258943624330634,0.6070084916886029,1.1667215742639934,0.5596114931096303,0.5276019843692014,0.7653983686378293,0.7190590620985055,1.0240849742500153,1.3211005441922914,1.334634165060907,1
73,0.8728987750709735,1.542480021788796,0.7899220786599719,0.7223379208539341,0.691972497989658,1.3482924360508888,0.6180898722671455,1.3086429671572166,1.2407553528237028,1.2303567051173252,0
74,1.2617533285862281,1.2978900040567307,0.7646107115134815,0.6768998688079432,1.2069996685975437,0.5564210768298996,0.5141344470842424,1.0556147589835163,1.4450584886525428,1.0780923134357248,1
75,0.9314879581538931,1.3960311169857476,0.9309579350600523,0.4576421923453421,1.3642432718705257,0.7907150087577551,1.1863926973377057,1.3649218945240056,1.1267198090445005,1.4232081649208315,0
76,0.5840248272647587,1.3691202454306397,1.202767637707422,0.939118376030124,0.9298730996839504,1.432722760772609,1.6644931514884966,0.9044009193555275,0.9514340951807267,1.0260358118319788,0
77,1.146780922672859,1.2768955374056326,1.155070193492644,0.2551123684203741,1.0194066939568867,0.6307711336885449,0.7086727403523504,1.1727425211259606,1.2431572344745587,1.1110689269325278,1
78,1.613931185258299,0.9421562997803284,0.6953351379544473,0.5898242749039723,0.9694374282757472,1.020398470899728,0.9286876030404616,0.5975819649551095,1.3786166579420276,1.216682550111462,1
79,1.4195080769409154,1.1008592737644927,0.4177732376628207,0.5743966323257748,0.8998850182370447,1.0948746660155129,0.9266698414261947,0.7446457483502562,1.4239989931486174,1.1559861753864888,1
80,1.5285814971966691,1.2168819267677353,0.9800143342939157,0.499955695872071,1.0303117796364503,0.8816400502588232,1.4167237945471283,0.9111312742645418,0.9670042627295945,1.4749180203122019,0
81,1.4225798163378602,1.714327544673898,0.8606165173686953,0.660838031276076,1.1040979349331503,1.0511055193763286,0.8415461632024178,1.1559823071084034,0.9698115208568442,1.3360152742318698,1
82,1.108384725607093,0.9967782293844596,0.30017644796839915,0.5469916956727074,1.2610847689743572,0.6237953447151915,0.7578645589498231,0.8772726740085233,1.0615842987917616,1.07806055481452,1
83,1.3555991265865301,0.9600494506527155,0.7309118762402614,0.5095524546895007,1.1166938441958765,0.7307783057657855,0.5208158931865245,1.0978266108376218,1.3766410891804257,1.3030878812142492,1
84,0.8060709353637538,1.0655183891456017,0.9777768488455397,0.15574591461708676,1.058471070172548,0.764292135322389,1.2586264987734754,1.3270642126889167,1.0534514179518433,0.9043587601952443,0
85,0.7627725084047081,1.500366902459581,1.1622526367034622,0.5881928799611784,1.215805446669525,1.1518060543916682,0.9088965506231449,0.9961908547953571,0.7683838712574755,1.60486991146121,0
86,0.9490242755486468,1.308746500317986,0.29411195386113054,1.0700260069684826,0.9985294107709777,0.6098591556963431,1.3359851890156638,1.2191618359206642,1.2843253365962104,1.0701755164223854,1
87,1.1422156074351149,0.6784678296076605,1.0278939189131184,0.7917640723131295,1.0591195775348932,0.8724868202356608,0.8838441903456692,0.8919364448568363,1.5980038483562775,1.6555290000721876,1
88,1.642932700403022,0.8554450158629388,1.0148169276389019,0.8090887320439464,1.0266171750443256,0.6470128736916305,1.1855895072567395,0.6599327998805771,1.3726148461066745,1.338873680078023,1
89,1.1685926391173078,0.8280977089837968,0.403957444052397,0.8300618011101932,1.0701500139325455,0.9725575487899417,1.6705741910252496,1.037831658966025,1.1509513366116244,1.2798553300173152,1
90,0.8791098913433201,0.7604920793186868,0.9329200889834035,0.33775540138117455,1.0266938713619111,0.942479663165388,1.0862578568829007,1.084317351180613,1.4705786990593754,1.4949127369422541,1
91,1.344949098363743,1.06190630268205,0.3989902061776267,0.4296312515351667,0.902597757492331,0.9556722762357729,1.0831677654657703,1.0135036808838214,1.1833582011641615,1.3721193991808922,1
92,0.7883381519561461,1.1460205136622954,1.4177539565004353,0.8952465922543625,1.090957819237527,0.8754696174259894,0.9776758075969905,1.2299468172780461,1.106330722833182,1.812357282875531,0
93,1.5438916511455059,0.7975026801619354,0.575250080539996,0.47359403544415146,0.8918679213982079,0.7985383255476833,1.221142253569595,0.7896045482947187,1.1493506901577124,1.1946942472514115,1
94,1.1702131580472446,1.029377290750709,0.7251636409378696,0.2853076682410378,1.3149087438070282,1.080470616474003,0.8252994525384271,0.8447823517256912,1.1351724299078982,1.4531190569926724,1
95,0.9902859655194887,0.9322896394535549,1.1024613675566535,0.7799323617363209,0.8564466929595668,0.664937844783025,0.924293077894105,1.0030303615327878,1.8856900849797629,1.1154599487187329,1
96,0.8166346704557469,0.9473353076456918,0.9989018859719188,0.7229783185967891,0.7425782520228503,0.6757262929595036,0.7665185529655743,1.2245634324633705,1.5378932722581222,1.5667190496352716,1
97,1.1442468218129875,1.1761930293334815,1.0477873557305557,0.7628757926042096,0.5153384674487007,1.3802744700166167,0.5598989205590217,0.9222721162643169,0.6554857404807553,1.4378483949744636,0
98,0.30656449704695454,1.3220825537786234,1.312386721149175,0.578244954614684,1.1915517514987841,1.1137575367369286,0.9804531456083978,1.1419450474986101,1.1108825128472584,1.2397686209439789,0
99,0.7531181790680975,1.0822484759842812,1.263566932976839,0.26580206092593595,0.9599673305138462,0.9033098997888971,1.0824066560471655,0.8391236263114713,0.9416144682912974,1.5260588254199474,0
100,0.6177235005404365,1.4481308317946697,1.1689553821252758,0.8104920402352481,0.8918620003373076,1.2146935790818565,1.2083378506169928,1.428691026905144,0.975782697795291,1.5504815650390733,0
101,0.9976501472442236,1.2049889387384782,0.7462640122972056,0.4144855940405955,1.1782950895462256,1.1455070120129025,0.7790742553185253,1.4403264450929019,1.2743050705564432,1.4241045602206845,0
102,1.2346227275375907,1.593329326876213,0.5286625013133357,0.5498773284230092,1.1013745857925583,0.7822821965875177,1.0921008330294002,0.9629924143532826,1.090155678068636,1.3041134800697582,1
103,0.6165327231729667,0.8762259551133128,0.5414002251544784,0.7415164082394982,1.2733547177554319,1.182051543423524,0.815312568368814,0.8114862781929442,1.4268613007230206,1.4480873863080892,0
104,0.9090502543291838,1.2136778845530698,0.52456713258229,0.8761383397619387,0.48023068198154983,0.9385985798966879,1.1511100736969107,1.2405497273506665,1.5561980103421198,1.2017593922562646,1
105,1.4923143883984922,0.7092038929437309,0.88483135920396,0.6923607703096155,0.5993214296279368,0.8875819436016035,0.7737537888777495,0.6076331645062156,1.3830286515475039,1.2003179720363697,1
106,0.3768963424370695,1.236556546412265,0.7109672929519211,0.4216959015561975,0.9335364299081711,1.289630517897981,0.8049153253561656,1.0021521522367578,0.9028548526948678,0.9552315788922647,0
107,0.7622755902477857,0.8899162072696822,1.4059412164171712,0.8527892483996589,0.8715210898932768,1.2518925411951662,1.203790069821983,1.2027663777143216,1.4467434047759231,1.618650497583967,0
108,1.0298463794653911,0.7588867257906589,0.4925729902990158,0.5317829531358356,1.1964690239614693,0.9758673510894784,0.6719396118583978,0.746756476487517,1.380659687886622,1.3292780723251847,1
109,0.3718986778707941,1.1056330611821126,1.1140639425790626,0.775686612729457,1.2521269088204279,0.9731788025134441,1.5119535200370686,0.9898902274993697,1.3672566303289124,1.2638937387179001,0
110,0.41186536034985355,1.0447585256835503,1.2077814974934236,0.5206320857709463,1.1797294055118526,1.232801442354104,1.3740958281214253,0.8751191030560036,1.2869702339375642,1.2339520445645582,0
111,0.9243191528213625,1.1180551464683446,0.6699715327277871,0.9329485049341584,0.539062922410932,0.44084090308465784,0.7990636360379212,0.9692134257476311,1.5407272854246525,1.0899421018395057,1
112,1.096538020700467,0.8349949446086271,0.7208124556957234,0.4624649602144435,0.9150052762069063,0.7936247011673349,0.40625806656919217,1.0346859680650136,1.4375783851753199,1.0392661209476564,1
113,0.7266602057031981,0.7294663962496788,1.5464737221492875,0.5207056661070723,1.0668252826584188,1.02892127746268,0.7715607301050877,1.2804714386237555,0.7802768079926918,1.373244250969728,0
114,1.2224280278759987,0.9014491627470087,0.44164341769923743,0.916524404266059,1.4194595269344863,0.9889571105875652,0.7845386609070218,1.2809706953481554,1.3873327121303312,1.4130620613093416,1
115,1.1622055561518532,1.2301630328755633,0.6193590607528913,0.3768573957482184,0.7144395803436712,0.8357047709924061,0.7925172214317964,1.041278176621466,1.2235233035621134,1.42926305680145,1
116,1.163089276286688,1.439730869705679,0.6061519241758613,0.4834275622725107,1.2093988553503225,1.0690855900091472,1.1642290268480258,0.7037288168348229,0.985507356955552,1.4410178416268211,0
117,1.3265323712544654,1.033606645504227,0.8537123817438118,0.7262379821575936,1.1093369235165238,0.9367099416691349,1.095074409030906,0.8730310147414848,1.637066879216983,1.5907002834260988,1
118,1.3153923789713753,1.0152122717667122,0.40634270187074983,0.7366155274617634,0.9339784744890097,0.955944707793887,0.6953297899671209,0.986858359581133,1.2859367100073325,1.5453803386186071,1
119,1.0779359639293487,1.2420247421039328,0.7808886530758581,0.16803555950389848,1.0639714023660036,1.0104663184189342,0.7975357295421117,1.0360240201636879,1.1407205599044772,1.3590010113808553,0
120,0.9663830321664153,0.8157468363807532,0.7312963014448959,0.6766574976114089,0.9976901936134477,0.8653505440533659,0.9636657656722452,1.1288149780040413,1.5070883215869417,1.703548695882077,1
121,1.1982477163784333,0.7217126937939304,0.5439572939151178,0.5900625759767059,0.9671028863013265,0.8625002247770766,0.9612011054303848,0.8316082756113046,1.4937084365080922,1.462204306718884,1
122,1.2059983413721196,0.8783614994137949,0.733990827050264,0.3237417969582773,0.6346413267411262,0.7743146349060036,0.7970910399719202,1.0761558730965315,1.091975389658885,1.4181275424313526,1
123,0.8585250759531895,0.8575893662921501,0.5736492058031968,0.4437739558066969,0.8437737652264428,0.8972323677488175,0.8239955039494529,1.2460080902197843,1.3931662229966277,1.4330087535635267,1
124,0.5098925998806418,1.0883473348107287,0.7321883292911031,0.6847174608668178,1.163159067115178,0.9296999054365728,1.0377315270860095,1.1088509779532514,0.4069163933801372,1.4292784199951816,0
125,1.24562563423756,0.457412951525772,0.4993916677754824,0.9604995756646564,0.7880656589369606,0.7544492047012213,0.5313317067591691,1.2176636401018444,1.1240563020318062,1.0739567673643458,1
126,1.0326227608171565,0.756034519392002,0.347393618783156,1.166846390691466,1.2079929654133716,1.1481634613998928,1.0192572839005583,1.427142695676968,1.4768544003809954,1.1012840722181116,1
127,0.48215868752272106,1.041313674005758,1.195233550763523,0.7008601446571614,1.027409983777895,0.7884164258806229,0.7147262595095343,0.9727240246959713,0.8115929105508182,1.6628661477168176,0
128,0.8516333662081287,0.9773608606380945,0.5342309585628165,0.36782085083384153,0.7175075725637496,0.7652998469277257,0.6655832555111849,1.1570594090742867,1.1406122402759418,1.2640518552193964,1
129,0.624526161677142,1.5004227797779728,0.8792563215120887,0.78559157380456,1.0026797435596142,1.40553520183899,1.1092815220918035,1.2121243769058934,1.247637001385096,1.5150894692540677,0
130,1.2704712663672044,1.2509202028783613,0.697916004968466,0.738373957891007,1.1045457406658556,1.048387858901211,0.4792928254763029,0.8543902154225304,0.7072693550505653,1.5593575079100104,1
131,0.639052888759226,1.3445588924309069,0.8223839437007148,0.3884997075770321,0.8444713920607237,0.7956219490034852,1.1591374072671354,1.2478087228621682,1.2072470712772552,1.3871324318073768,0
132,0.5412243128881542,1.362192071485522,0.8262550558355674,0.7046606649685846,0.8802866272796308,0.9502837565177793,1.6580070068673463,1.1203515544497733,0.7266714603111382,1.0442711983242394,0
133,0.7621462704529892,0.8768336403631424,0.9997703040976054,0.5704964965231291,1.0811082914468926,0.6581867922415614,0.7163226003346659,0.5246046431436409,1.1367022136855605,1.5433290047178752,1
134,1.1870765415027729,0.8997273118947147,0.5324110688138775,0.7318648170786246,1.1683347847472505,0.46401440659718973,0.7910958197747937,0.9355445016463677,1.5121520495168232,1.1967219485779679,1
135,1.1402122909837809,1.075227460700809,0.5954780449075787,0.22877023965422327,0.7987699261594384,0.8911118933665189,0.9028338297351487,0.6387245457543518,1.1240482710765711,1.0924588167416311,1
136,1.2939392985215847,0.9757127460126926,0.7800490463125985,0.5559720067022969,1.0848625253164617,0.603147785611311,0.7541280575344069,1.133665161624543,1.46446830381538,1.4568665189933092,1
137,0.7950592539054904,1.051743871008252,0.4998758689858067,0.6816596492626528,1.1989237331993474,1.0336241271336044,1.1058754457767437,0.8244897370655832,1.6542492616798554,1.305123490893765,1
138,0.6704032497428336,1.3091611611067597,1.3031054723141753,0.25714798163673824,1.1017935991978955,0.6888352085847771,1.1179878420102904,0.9728801933625264,0.8507620487387807,1.0892707400259338,0
139,0.7983924751625757,1.2834849213237467,1.1566343723160488,0.4871879743732086,1.1535591063901243,1.4592957487881033,1.1104867948947066,1.2830454258858432,1.263856741231757,1.4415934739419245,0
140,0.32887950510800745,1.2016887264829492,1.0228242717928735,0.6501273065904846,0.7875198722392172,1.2294227621414606,1.028525471634745,1.4260160573262457,1.2322854439481234,1.227913515143997,0
141,1.3582757258092049,1.1831483404793448,0.2991694745416863,0.7460851026523065,1.1820172452006263,0.879763996517646,0.7809990684446275,0.6611781138103652,1.1643045994450474,1.2124013538102567,1
142,0.8798977219467609,1.011250601922438,0.5843937442914338,0.9781821154707092,0.9422040487150816,0.8292938006869929,0.944869526370024,0.3738711870565846,1.104052318261616,1.611440728090912,1
143,1.273019275503339,0.848270275078365,0.9596820656397559,0.884852791823695,0.9916351563632482,0.8435024581419185,0.7543989451227208,0.7835463224149383,1.1633115458841818,1.8539027845511817,1
144,1.5105736412255726,1.2840242094813423,0.7000371458189909,0.6830131411689975,1.104672806639793,1.0221665277798333,0.6386110539567729,1.3269864855635118,1.2034879978860449,1.421674251055774,1
145,0.6611793330319577,1.3661781389465053,1.0231323081853128,0.4738702642564733,0.8504012826711909,0.8965913018973196,0.7149612693181044,1.5792634316753373,0.9510501571359745,1.1466427639752739,0
146,0.9599998399474883,1.2031295299871891,1.3980695614056902,1.0910776137914504,1.419032271688482,0.3092977209316633,1.1760878113926574,1.1489512049783175,1.2682633785723632,1.112105181397123,0
147,0.5288478149105543,1.3023024127463363,0.9938311350868774,0.9327933638456007,1.4231424718541197,0.9664416207789589,0.8228343955152184,1.4740023631770658,0.9045552184728949,1.4865416411390322,0
148,1.0181227014893297,1.0859544189808767,0.43909870646259364,0.6696823717892164,1.2415202764866724,1.0002756007404592,0.5758026697202692,1.0939246539776424,1.5572366083463225,1.104658662886094,1
149,1.2190743242021458,1.0363569193904487,0.8995044890986038,0.47947431678168195,1.2306332391287103,1.2068824756060132,0.7879930076059981,0.8128227605950216,0.7765568344456456,1.6661359460159293,0
150,0.7882733850893431,0.7999013033384585,0.4398291007642583,0.5952867142983953,0.8380638923790563,0.9737456112863081,1.3796059449568583,0.9499464776521538,1.511933956463119,1.0441935736811274,1
151,0.9227812588319287,1.281580023636053,1.2750566032542976,0.7294735985642891,0.9535649854453255,1.2829854393735822,0.7879870560463247,1.0897085212908149,1.0706019653694867,1.7910060513357124,0
152,1.2355607317848245,1.118582940622812,0.8089711571386868,0.8172275747135598,1.163344745562177,0.6281375434004846,0.713627162222475,0.939147028681004,1.5593460161615875,1.5449842244710243,1
153,1.3750837680409522,1.2506099821421353,0.4769120431378837,0.6107210310865012,0.9920643779676477,0.582194461542356,1.0930650229299599,0.7006124116663512,1.021473253895352,1.3129985755772875,1
154,0.682099267123826,1.2071300876589968,0.8865709619721845,0.6015336221226253,1.4302353224073716,0.750777125482817,1.4776336017872507,1.2420297192594014,0.8085141380812011,1.3373441835145863,0
155,0.5629320184074081,0.9943529845240705,0.7709246667210474,0.8036458037889369,0.9946067995823731,1.0330930690803246,1.3416595861947007,1.5197348739619758,1.2357425237247122,1.5237889122740529,0
156,1.1370695930216155,0.924464522134523,0.6564474806194678,0.5144863510619512,1.2327262665329506,1.0789384723377293,1.132990493165573,1.237190489175704,1.0224987305671576,1.6977891454589464,0
157,0.6674725696684278,1.354392074258235,0.9282015626457388,0.9657434189077592,0.6811364569420206,1.0366178739065444,1.4120808717210196,1.4581117806318435,1.3785869402048572,1.3626062456146482,0
158,0.4831585151404725,0.7794221678509372,1.489384190988919,1.1632364880507626,1.1400232547603368,1.4761572406426993,0.8250598859053176,1.1396476994625866,0.6514402847222901,0.9879321177369828,0
159,0.658384171095486,0.9538936477753863,0.761228747638883,0.6701019199004516,1.1600769581764914,0.5416918477951052,0.5957717899963377,1.3173529516676612,0.8196122539054156,1.4277900185446453,0
160,0.5923523855329826,1.2615524078686193,1.0619370268688124,0.9568339776858905,1.6316929896363945,1.0757018009383823,0.759767462072468,0.8283046043141045,0.8066334684964762,1.4799644435498156,0
161,0.743062849887748,1.3727031968875525,1.3077736936439024,1.012474516987501,1.4718654415451786,1.247983185646565,0.9123638126466183,1.3912867461652305,1.3682085198843954,1.3459476541137363,0
162,1.039353821049813,1.1127065334390833,0.8998029382058467,0.4320074168653828,0.9717857718800774,1.123506166847163,1.3804763907191258,1.3871355419171734,0.9970821536575143,1.585148653716037,0
163,1.111544297124832,0.8516127633795738,0.9399791143037908,0.8643798604294355,0.8744554729059323,1.131321700439066,0.3375101985768907,0.733446685243742,1.0974620546435527,1.625375641377389,1
164,0.8169437330171159,0.990474087414802,1.3160614758086713,0.37007789204513464,1.0776001470476824,1.198989611460176,1.597198460227001,1.110590996871938,0.7663785199528617,0.9749215668329447,0
165,0.9439720704126204,1.5668428586868215,1.0312482082594305,0.7660348111814099,0.6817345930178649,1.4728993599094409,1.1733225489980732,1.2507996618916395,1.3778175530655823,1.2433514554685945,0
166,1.115652454088669,0.6809813703261607,0.5350678516140582,0.6495262130376456,1.2879741949138515,1.0730935776447164,1.0822137175421185,1.0635962406601038,1.4987003225919393,1.4450622977439342,1
167,0.865835448230859,1.224177046785378,0.7395458992437784,0.6152363578703505,0.777560340936086,0.7266002750415756,1.0424524317840747,0.4647016626378574,0.8436155630289349,1.5280489591240016,1
168,1.1639109900590765,1.2203159055036654,0.5344507899025864,0.41453401101171017,0.6623639074451395,1.0541411968891166,0.7125076812112029,1.0021811422014513,1.180739182485784,1.3644652998706448,1
169,0.8501456596410008,0.8369116815703181,0.31854340446782636,0.4707477869568141,1.0854653654561104,1.0046779008127749,0.6701859581932839,0.9803151989264309,1.0903274770243934,1.2860154232582504,1
170,0.7821790767122685,1.0256571015310274,0.8337955318301264,0.6933179791198822,0.9253664876258326,1.4096787928937113,0.5299307610230295,1.1556582149050874,1.311664335913839,1.5607868304906678,1
171,0.9482615032398782,0.9251721779530746,0.8224622762399189,0.5084569790410689,0.7556586751654751,0.9337123610024773,0.7054328627953467,0.49767968516012173,1.26561229746217,1.4948207923063712,1
172,0.594568047261806,1.3252477644011451,0.8705506652277741,0.7943910934754289,1.4378146141019617,1.074280948446221,1.1100890019426477,1.2398919462013391,0.9628248441958952,1.6344743089380191,0
173,0.8188648424994658,1.4397222399076124,0.6392805716805336,0.8011254381199078,0.9790372226427599,1.1439939095538625,0.7178090301434273,1.1310046512367804,0.7691108257678716,1.6579417544150656,0
174,1.0901381104296257,1.1720641561872898,0.6848278290415349,0.6877826108824058,0.685516459510698,0.8061258769575361,0.6805254285164827,1.0811762242814993,1.5345581890913995,1.4843167767356698,1
175,1.3495609068726746,0.7523158579095909,0.6023812929350996,0.5785330185953809,0.650432370384737,1.0194758556979735,0.7141525816646142,1.0543618942320887,1.3182169520845237,1.4149962146616937,1
176,1.3669835744646752,1.050524025906277,0.5971789806662187,0.5039853220457624,0.8914115477722813,0.7230668603834802,0.6156149229432493,0.803781296812552,1.423548171586254,0.9814282972622776,1
177,1.1400632925084604,1.0651092281315535,0.8359998527445035,0.7431815729749794,1.3437153514131337,0.6787625031692859,0.9604693355596094,0.6774388064874075,1.3433732512585164,1.6621510030997793,1
178,1.2563747083418497,0.7999114395584654,0.728150708383712,0.409597367780561,0.9812485232699225,0.7671849509677493,0.9290699746243443,1.0831240545825411,1.415073084418379,1.4826784272422777,1
179,0.5827039678897649,0.9431639994509912,0.9925306808384728,0.71822890684424,0.8174506488452974,1.2906726553466827,0.6002084513947007,1.3735066436035281,0.7637115154561223,1.5198031836245183,0
180,1.039010377820205,0.9331101866067056,0.7769674257143959,0.6675131953710374,1.0825146685330307,1.3366592685443717,0.517951388062692,1.1397046027428437,1.454956357136119,1.5046694740371735,1
181,0.8104955761471464,1.199204929690582,0.7334250396812172,0.4663163256812338,0.9959585798699562,0.9467280170898924,1.3532706801842076,1.5774093810118923,0.8150694515682567,1.2706837340557646,0
182,1.0322701080199688,0.7059974226768668,0.5132701436582734,0.8095043652218179,1.5692989863390248,0.9091489387400142,1.281531071571919,1.00354036195572,1.2560434883662963,1.4026670922673654,1
183,1.423933864614665,0.7189631093831522,0.4566717436872959,0.7739885232033213,0.782458712369411,0.727027520628234,1.0969524707327023,0.6511211258565561,1.1145542988310062,1.3590744194312512,1
184,1.0945535210585182,0.9641115012703563,0.9410375769530488,0.46168971170086337,0.623568963463387,1.05006046717218,1.1667057310377495,0.7935983297224147,1.5024497414817262,1.4790224889118617,1
185,0.5504627059059828,1.346585405348291,0.6241080326767051,0.47379664986906367,1.09479025371144,0.9827388962081894,1.1296969470803166,0.8889119183695635,0.9259124845907271,1.4644093920523111,0
186,0.7936440747568394,1.1022759525555597,0.7070855831879077,0.7749281159103136,1.1076456316560244,1.1422440345598615,1.7133422293242386,1.4876041546384364,1.0626333840786404,1.1677552297851546,0
187,0.6577819995510923,1.1659592206488092,1.4124637473940673,1.1036413833710916,1.3081277636176427,1.0144159065152585,0.9924212839555862,1.7051755379385403,1.201924679704058,1.2030330229271,0
188,1.23754890081463,1.426015844525336,0.7525659142944783,0.740274293420861,1.096812928203815,0.7213967981574207,0.7729626941161487,0.866050122025248,1.4729498309534466,1.5032269991688536,1
189,0.8224146530639989,1.1208150678877473,1.3660313699878879,0.7798025566553008,1.1236540932702386,1.3135127485593352,0.8086622057419928,1.5916687985255897,0.996340644299412,1.5206968390705435,0
190,0.9330110843038647,1.4358713387595516,0.787403832709869,0.7544500685804753,1.1586720693177988,0.7656567355925684,0.7097508353037684,1.4462972788281807,0.7542614736343691,1.5254806455654202,0
191,0.7817737167604946,0.9824555459505718,0.8219602270298721,0.507397120705136,0.8266347525339083,0.8304616333054755,0.9284917765557483,1.0448322231759926,0.8348772236579401,1.7645430476136332,0
192,0.5680527262921788,1.143122558471657,0.4425469041893928,0.9855815061361866,1.2535594793583864,0.8901439555576081,0.5653603856115708,1.3166451792395448,0.8951118032406896,1.3247115353278454,0
193,0.9008811912082887,1.3387403843716754,1.025652987678901,1.0756362108135737,1.3982174382546586,0.5523583060837,0.7176594850404456,0.9861941612139367,1.451383504603469,1.4758544436208116,1
194,0.7808017759454728,1.462141045328398,0.933097113669044,0.862467352275558,1.3369047883541105,1.2734964340858848,0.9447534225085403,1.4144675243609277,0.9416108986903711,1.5902852118297086,0
195,0.8630356152479127,0.8093534753953684,0.40243000645671445,1.0505504013867264,1.1286943209169686,0.8028703906191114,1.0735802971242845,1.284525112050782,1.654772732247971,1.121372065003253,1
196,0.9828246284971144,1.0398197158886175,0.754386275836624,0.24539775850550494,1.02103140887047,0.9115256507007838,1.1681883287577361,1.4329202307543498,0.688778210317725,1.2180194471408772,0
197,1.184571046986131,1.2681433702361211,1.287153365836763,0.704432875060881,1.4746605793538663,0.43476643149132377,0.8824327693662781,1.1328921666167953,1.2490068379547827,1.2931505435435362,0
198,1.1551590483602343,1.1869813008992307,1.0620696596458303,0.30251224255222964,1.0923420022721133,1.2488370035764798,1.3079012285564897,0.8242324648729478,1.2753047977022383,1.4227112774297126,0
199,0.5189104514286691,1.2066340845895018,1.0322434573247654,0.512262752849052,1.1027714254751508,1.0722891010710323,1.183181044797977,1.5972436281558902,0.9395670213192826,1.277908019057541,0
200,1.0410282361845749,1.214195866563688,0.537699258208308,0.6754603578055356,1.2451433140154191,0.45514103324054456,0.9545999938804683,0.8752633602588543,1.233596748092233,1.451923102675973,1
201,1.0344587561169216,1.2627257553012048,0.8621726896446164,0.1721797687095642,0.7513078730644627,1.0619563967743462,1.0364103668046987,0.8136255589241163,1.244223783231932,1.2532040606318073,1
202,1.6673712297872312,0.914997934222914,0.5585512775257974,0.5461118244223875,0.8858301712024392,0.7810311713936032,1.1886672779752707,0.9671298965063437,1.0784845849831233,1.2065941109795988,1
203,0.7437263956976203,1.07678451162381,1.1955119017539677,0.7237816440369911,1.5167519113698726,1.1413073174639288,0.6729660621799857,1.2977658760411104,0.8842031208623757,1.5638098687521553,0
204,1.0229020334188312,1.2989262157334207,1.4197417573580744,0.9943009703157839,1.1491443568854072,1.1998715300377143,0.9036269362696462,0.7763945933533701,1.7681342272692744,1.1496428698464094,1
205,0.6990867713572921,1.3524894314646565,0.5652750133128699,0.9630667219123358,1.0422422956814554,0.6981415786612617,1.3802496184939395,1.5629274176147825,0.8015950332056825,1.0332873798860032,0
206,0.5551450463759873,1.5018872378224692,1.020842698127383,0.7128974023826768,0.902253352804147,1.2040334969576658,0.9566104140798974,1.3724679685428285,1.4775016557107716,1.218045869580678,0
207,0.5931363988479156,1.325600962937489,1.0826791239876405,0.8236763871660638,0.9456363037698479,0.6884660191273061,1.5842152943074117,1.1006652571426208,0.6615684109270776,1.3528943067246353,0
208,0.6769002771063045,1.164185386279868,1.2471681460192574,0.5734979220289116,1.0967407205645543,1.1645141749898815,0.7132505981313166,1.5777983944874854,0.7223352169322212,1.309929018308231,0
209,1.1381113195002601,0.8004588792796359,0.5041764980833083,1.0087590193030256,0.8625190803672147,0.618898309607265,0.8643936648180035,1.0086652433565566,1.6519176659007255,1.2959571416858011,1
210,0.5530773098594268,1.0630312304489409,1.0153619912466052,0.9332529044239404,1.3395276027242728,1.1030699780277033,0.8902410240377835,1.4613556684354974,0.5693609128605648,1.5053191913298536,0
211,0.7372008705791135,0.7704621526160824,0.6561755261284002,0.8102778298900791,1.1384292133499718,1.160320875245423,0.6003079291237606,0.7416865584495135,1.2035769218714036,1.6412882695449076,1
212,1.3302734752458307,0.9514569349601693,0.5675367455031886,0.8775894427328401,0.977498012945412,0.7788576680913455,0.849948744192327,1.0760634393526596,1.7440341905788974,1.2350659865989486,1
213,0.9325416024394212,1.7416340265182262,0.8835443255753527,0.9898284749143702,1.2180438634032018,0.6852360511752482,1.3076922476066306,1.1674033666768502,1.154687340618233,1.3721785884136863,0
214,1.1234117505518244,1.4957784372297225,0.7400301891777982,0.78021040803062,1.0440026803688895,0.9119478033866304,0.7798280190064959,1.2495455011757362,1.6174718386955214,1.3483847852088593,1
215,0.7672751531813597,0.7975967268766762,0.47513866210384237,1.0153349438176578,0.5343200151167598,0.9852284046764257,0.5161796401123773,1.2274088267145289,1.3076574863249149,1.1778521403629407,1
216,0.6155860404347899,1.4263863375607997,1.2651912651323052,0.6906491639150056,1.4125905514617056,1.1352673997287581,1.059460523250144,1.2894035103638042,0.8900573931522283,1.4652856079039156,0
217,0.8723558063068835,1.410217986062999,0.9976635199598337,0.9962940692417444,1.2002138971303604,1.3739336444006247,0.9353719186427731,1.4368056427100093,1.165427449034425,1.642771185064305,0
218,0.36812852236682814,1.3883728814877117,1.4435943193010683,0.8723847386669279,1.1884425279638355,1.3573723886263955,1.0814017389256592,0.9337306282662411,1.0952485972684392,1.2313602972155493,0
219,0.7170669000572836,0.7710419466480238,1.37833015803429,0.7567899671667437,1.0641955954656064,1.2093179406354069,1.582651761983707,1.3480065647208892,0.6321662802367101,1.1463348121179344,0
220,0.8172408660934146,1.3534983974184462,0.4149656206807839,0.7307213641063903,0.9274220317657927,1.1310117431346245,1.2602628152858537,1.2448770725817004,1.251112686916761,1.462245648679061,0
221,0.7880500212873154,0.7090941808316289,0.5126554490332758,0.910950639287721,1.2076352547473352,0.6810670602360789,0.741810122920584,0.7160349417940566,1.014996098495411,1.5767693143178887,1
222,0.9340120992200186,0.9960265207079039,0.6533973878229143,0.47275638712932044,0.9178501022769545,1.3292788951472712,1.162882790432767,1.2852957200570698,0.8909369254675312,1.602094849934979,0
223,0.5990874886842064,1.444702050515144,0.9847791847695241,0.8183321207733891,0.9319691703754347,1.066793313387447,1.0510050343877257,1.1017263661126844,1.762923674851089,0.9353276585953498,1
224,0.6077915177409172,1.4382651555112365,1.0848153986768654,0.9480911967742717,1.0966665551763586,1.1579775872141647,1.1079185052496128,0.8525564793270739,1.22640605147613,1.7247488858516944,0
225,0.5950333870319147,1.035387858486358,0.9697726641959676,0.7506808932889449,0.6322169004822239,1.2957681794225575,0.9073591152455324,1.214651783800876,1.0784941542215376,1.698651382835616,0
226,0.8176622695833823,1.0027786936803418,1.1937195768902953,0.18983591922906662,0.9259553265206345,1.0731193695106618,0.9914829121545529,1.460521246396606,0.7767470544772739,1.0053689817521554,0
227,0.7504273023496273,1.2249498230926539,0.4366650522996979,0.6713888783504866,0.8497185077398991,0.9356045223832924,1.0773183234114834,0.9581167714364799,1.5932983058680499,1.274432142680981,1
228,0.8953313062358067,1.5817739647772613,0.9645910823963595,0.8323273925578613,0.700492919319814,0.592663473758853,0.5930104738762374,1.3688833055300986,0.7684760301443077,1.1013379032838553,0
229,1.085759029720816,0.9284796138313041,1.4784076286682313,0.6651935105313465,0.7719617716605037,1.049837972669528,1.0612271588431579,0.6102613302543192,1.514916169778855,1.4138744543293913,0
230,0.974472642327591,1.0629497691668595,0.7541521254831363,0.5442055084044441,0.7900417792895222,0.5377678733340647,0.7859971389439322,0.843761076277211,1.5111486553228497,1.3714486742043577,1
231,0.7171829149089683,1.4481121063586426,1.0332052139557573,0.572908369285607,1.0837400220602715,1.2506717106681653,1.0348668082292136,0.9372462240013646,0.8363784386010037,1.6587304041552366,0
232,0.5952016753686864,1.4685947450953771,1.075667776718594,0.4513858749683962,0.711552055034601,1.0489863110372142,1.3344418596274599,1.0464987216957033,1.1067162401665105,1.3144049784870973,0
233,0.6931174558614139,1.076987619359563,0.8442127361580533,0.6774248403737118,1.1720736936983196,0.7330174873399575,0.6284390392133983,1.6991868303133912,1.0269662048114512,1.2074503308976747,0
234,0.9137633876309272,0.9589338284272094,0.6790792198371727,0.5095240814023901,0.7545298350247448,0.6847479667165999,0.6510801722570231,0.9842974234455256,1.3592489365279674,1.486445454797928,1
235,0.9468964021492919,1.4350826293025714,0.6063109616138324,0.44522775150205784,0.903231828060335,0.9328922879625313,0.8793870092451802,0.6675114468890395,1.3026749356757916,1.3384435471908844,1
236,0.581659059336499,1.0593175388544862,0.9064294571256097,1.634884045436437,1.1692603892869133,1.380750465470931,1.133711859734102,1.0262158416164986,0.8429513080498823,1.4390770656036762,0
237,0.7199273400117039,1.2974956772460755,0.6524914341878985,0.8197443747028619,1.0684679073764234,1.0637746022803802,1.2135439045591452,1.483028437871173,0.5159609490436017,1.3972845395041245,0
238,0.7649733220102566,0.7194657421442501,0.4084158262164306,0.8857939575797684,0.6973328605864481,0.7603300746100761,0.8544269047532507,0.6884054163456881,1.1011955525452244,1.4748429373081147,1
239,0.9280982150870097,1.071482545938635,0.3058861175278018,0.5430239067337597,1.1108258164852383,0.9060735330558908,0.5214726898728237,1.0751522741883355,1.1415189795916865,1.1527440082779956,1
240,1.1998870383487668,1.403541854400396,0.693416475848851,0.6158076083359201,1.0482478529545751,1.321075659864295,1.5896749287518124,1.2181553506537068,0.8042146737407081,1.1286245905181866,0
241,0.24040626457584535,1.144755233842066,0.8401309600147369,0.727038870063959,0.8233465272009926,1.0162719967964846,1.1779797272641406,1.0250137858588857,0.5322457822427632,1.1393903964286893,0
242,1.0945514920406345,1.089587567711947,1.0688819916357717,0.8482383827372946,0.440928004466146,0.5106527836522836,0.7154153563571848,0.954791579260115,1.5658644544870997,1.0008774542122687,1
243,0.6891806522574431,1.142917791808504,0.8994982077951535,0.6062804066489886,1.092050347975314,0.8901762152340368,0.2963172192880291,1.145896612723476,0.9086143542737053,1.4153419861347705,0
244,0.7907559734690012,1.180977155003088,0.6512501209736148,0.6272000543559739,1.33979743787897,1.0141732551737779,1.0862878055103298,1.0494443991102271,1.51345539404555,1.5231328450078538,1
245,0.6734680395888067,1.170471244989917,1.158997142123265,0.9419783532768511,1.253611981818254,1.0490618889861343,1.1484004362458458,0.9229820762467982,0.8725766200139624,1.8513240021712247,0
246,1.3457370876898036,1.2364764087955833,0.6406990520460317,0.9226861305809584,1.3192676530045713,0.6492601617435314,1.2156005167160573,0.9384486413736381,1.6149105731587958,1.1900861245306198,1
247,0.9587709177140689,1.114766231849344,0.45418531730789413,0.48247092024334237,1.1316309563297846,0.6443326270427088,0.9850054114050588,0.5936225241388178,1.2797205624402583,1.178722651300665,1
248,0.6651623862085188,0.903948631185049,0.4361437538405706,1.0123362381369454,0.6999090497693428,0.5843625482960362,0.8989530911602113,0.830254007633025,1.363361562838633,1.35595924360278,1
249,1.026900307608308,1.373054592305299,0.5404382525562627,1.0098764722554538,1.0762347892863644,0.6419356991877638,1.1595677626977485,1.1620358919551759,0.6471513321655751,1.5818682239239883,0
250,0.9148077809948612,1.447489132167608,1.4292166644308073,0.6129081035729033,1.4369007859259535,1.120795691637338,0.9446835934640192,1.0676786231661106,0.8554365568474145,1.4737255484830043,0
251,1.5844897869788361,0.5879875876470682,0.9631311853947705,0.6302057057691781,1.234844604566767,0.8675355191093417,0.9214988288056418,0.7741053387592549,1.0435162246718233,1.467682596202903,1
252,0.7454242559016557,0.8328177858221812,0.6066802694680196,0.7533711143010889,0.7033777286791245,0.5665455759055916,0.9686774023179542,0.9445245191169316,1.3154478966434213,1.5588215823323683,1
253,1.65050250792955,0.9622922204745887,0.9078478958709755,0.695425346353922,1.1626087834092873,0.8221951707920456,0.5990213049495026,0.9327539045893719,1.4985116069683624,1.0478636955898837,1
254,0.8880028786775562,0.7206898697354198,0.8406320757104844,0.8877049317626173,0.7050829238174962,0.45537479224890365,1.3220954702917729,0.5948544402024765,1.0625418076570696,1.4648027379987982,1
255,1.2406824845570399,0.595019089609482,0.9325818532345658,0.7148175990981926,1.1588509471575332,0.6172129286812208,1.1515491212056064,1.2059617602884969,1.3679371224065702,1.5653879387495846,1
256,1.38699075483232,0.5018571337610614,0.6841825175374454,0.759208612195164,1.0719018750378349,0.5785875346239635,1.0423358476360105,0.8901318612197565,1.3332451701097707,1.3697250936787375,1
257,1.13761754131032,1.1025533957779334,1.2318645150411336,0.35646034172455554,1.1532228681835668,1.1351358764660375,1.4729445156006005,1.097847538607883,0.7986383721125534,1.4325547999423285,0
258,1.4246388569479478,0.7233484059311577,0.27585573450160483,0.6727086120592154,0.8392750827117134,1.1628231677010805,0.943929686777532,0.9163572032967412,1.121799764596738,1.1852622565341455,1
259,0.4199880740344102,1.2168645159410538,0.7100754485979526,1.024231042641514,1.071107679733266,0.7859821829465641,1.3428783970315545,0.7487932500924241,1.016934222989822,1.5478096714539413,1
260,0.7822300750755741,1.4179457024179136,0.7230297646651112,0.6400350728930698,1.1814198625266503,0.7840336710494786,1.1345861604660181,1.3809017660743699,0.982635091780784,1.5731968578382747,0
261,0.8968260184640862,1.3269191105790248,0.8015777205451406,0.2998834820501137,0.9665317895066577,0.9018730611218346,1.217849166026934,1.435106988164548,0.9086189407862273,1.3115583724816244,0
262,1.1111992082687034,1.1889510237669536,0.43268104064682467,0.6237775294162673,1.0151690759904064,0.6568806368165756,1.210616311519904,0.8742174716425508,1.2582878649503348,1.4936435992976012,1
263,0.18173374134923093,1.066846459872739,1.1923341573679243,0.980700299973138,1.287828365696915,0.9751733209970476,0.8301171262841132,0.9884528978665285,0.7256468360109338,1.317619673846042,0
264,1.4354746764087587,1.254764691596004,0.787006938935105,0.3404000205272256,1.1038217707732723,1.3805571550025368,0.8929502018896818,0.8251968562311556,1.160579404079221,1.2039959055199627,0
265,0.853260047015011,1.4924670478671058,0.9588362919400756,0.9597377529099946,1.1359499841361596,1.3931209132633415,0.2952280855806717,1.1438767535603662,0.7957796429714692,1.0221746958310565,0
266,0.8759327860683485,1.5148751582365434,0.8880465134864188,0.3766517709857018,0.7128207302639001,0.9586086534115318,0.7959573830505222,1.2584575561385842,0.9078042177559698,1.3424841068450446,0
267,1.1313784809311205,0.6858768743542512,0.8956163131103568,0.24039108937500575,1.1579468900020398,0.9195246479412171,1.1651775359571952,1.056299461308124,1.4837851282530676,1.015488870055517,1
268,0.7550567870411476,1.744868225616677,0.8856335862543084,0.9458701262473527,1.2213879334538513,1.1087291216794704,1.2356713464815912,1.4693443218789606,1.1413064050192305,0.8880302989445495,0
269,1.0841970104578502,1.3469586585822337,0.7453996627835084,0.4563109242968513,1.3654151626836946,1.347651901826006,0.8766851826983338,1.2673930971810872,1.2708745134937856,1.31247833413848,1
270,1.0136305198627602,1.291556277776531,0.7341360423703274,0.5261610521177353,0.8195974554650505,0.6728137251318882,1.1435013980234745,0.924833234481258,1.4885245815412795,1.46379656762486,1
271,1.0366620801642379,1.1574867805554125,0.8155458559924573,0.5017813385260226,0.5336204980302324,1.0041803762154593,0.8184121407452127,1.0232004222553936,1.1073017431695047,1.6550230913747963,0
272,1.288646192803876,0.6930227115008516,0.5677451361855064,0.5748874361856873,1.0157426908802882,0.5106253162371831,1.0953628441571246,0.7780775058191336,1.2652413174856354,1.2940260619854234,1
273,1.0950053587868074,1.240924584840426,0.26684697107865396,0.7814608369422671,1.09498114708323,1.1587786443929555,1.1688589089509331,0.9093987872206941,1.436137064803796,1.2940868412788606,1
274,0.9839251988794638,0.8676920656543036,0.7742523102769024,0.7388318941550016,0.5667365897859926,0.9452105588899397,1.3710148631392864,0.8045534750177213,1.4803154792817703,1.5155502055368781,1
275,0.6030213920919056,0.8433351735160646,0.334000581166202,0.6573441955558466,0.7248522949711343,0.9290368538383178,1.1383543779571108,0.9841610707368171,1.3917874083718043,1.0571286632547041,1
276,0.9617891955663345,1.6872629765226805,0.8472422944832773,0.5187732507608167,1.3276181715182642,1.2569712080489124,0.7465269326726651,1.005043469725643,1.1632826627418245,1.0836200112013998,0
277,1.0010523565738536,1.3419681681521287,1.1661128656600845,0.8585105615286366,1.2803942245572326,0.46473244268624225,0.7988262312470499,1.1317207963800056,0.863159758687616,1.6275070796622164,0
278,0.876460227738447,1.5499581425509756,1.125148826001273,0.4790958402411819,0.5379834333614648,0.7427514096042078,1.2524362299438838,1.208317406775995,0.926069650695945,1.0553042493525442,0
279,1.2397888112597997,1.0597086524192207,1.5742759193477613,0.5628813605425856,1.1883066116674712,0.6462520799099125,1.0243529959736817,0.8915051333348387,0.8323378741632657,1.4658314098530183,0
280,0.9844960695007867,1.2759805739412153,0.9769635441831909,0.4378290901918349,0.9578314891379459,1.1674623867192728,1.1981397536525913,1.2109044697079903,0.6389793778652275,1.6026024888880546,0
281,0.8765707232127122,0.9030700711261999,1.226460665004579,0.9461444447418255,1.5000428701177932,0.6904558759040162,1.1165064224467995,1.3190597682754448,1.0234734173138798,1.6777909918640779,0
282,0.39080935998077204,1.1587510372877028,0.660887231725144,0.7350029722138914,1.1739092052938895,0.6819850006184923,1.0566058782307017,1.0690712881268347,1.289725235391153,1.441780767006366,0
283,1.0442988157146358,0.8723793175956972,0.6154593877790093,0.3912843294721077,0.6208510945698664,0.8153143579254365,1.0246782145769888,0.57628350773604,1.112312686340035,1.3045042329327547,1
284,0.5535434248116896,1.2424537027930698,1.0123278865457268,0.8196855916704691,0.9829176084300862,0.8949403358812915,1.3406090935019384,0.7185308431302291,1.2738530282904659,1.6539596338915783,0
285,0.9984666266805765,1.4296575546755403,0.4930281617479807,0.7244670583044688,1.364936550817605,0.6954837595569635,1.307900094152456,0.9932716737134188,1.3874089594040204,1.1077539824788214,1
286,1.367329537828586,1.2205498203450935,1.2144785397808686,0.6887320239849719,1.2646273259791903,0.35825411114177586,1.0394586409205124,0.61180233282389,1.143919390300008,1.1367676090872263,0
287,0.6201993107467529,1.3232687120691962,0.8633973864135286,0.4770566271391812,1.1058461824138792,0.9105440619242376,1.0975314567424792,1.0332239320694112,0.7032366889576338,1.5841474764956873,0
288,0.9896741835983811,1.6115288909544745,0.9636378824950808,0.8642287686148591,1.1155681409241691,1.545570773795569,0.8625879268142086,1.1388751563711568,1.3055358421905328,1.4045315315131548,0
289,0.8618413402316571,1.3933426622484877,1.0789684901331487,1.0365097369759622,1.1138439644424942,0.8347359387885964,1.2730517681080142,1.5209862284269553,0.9085103375518975,1.6511511473367222,0
290,0.6990373730688413,1.0048170447793388,0.8053638623732646,0.5998948406673272,1.0102373113689258,0.5734682328297145,1.2040355810645307,0.866390823573246,0.7424204532550408,1.6352697257534212,0
291,1.18426492457481,0.8680085853029748,0.6612194430952784,0.8124401523120549,0.7040676260494647,1.135944046055475,0.8734148403158475,1.0133766754701414,1.5213027715535854,1.636127086735065,1
292,0.6579816934891849,1.3271512041499445,1.0280745872132133,1.076391454669009,0.866802119676947,1.4315826631458828,0.7681627915825018,1.5378443447117067,1.1140404278558889,1.4575327429372584,0
293,1.187739543418966,1.198691412145451,1.0107948606653367,0.7368111439781865,0.9029762989662926,1.1150787532660444,1.621366507854919,1.5197737280768977,0.7258900852494279,1.3191185591010721,0
294,0.8193516656053811,0.717993202768455,0.6831604857267686,0.35423708456052394,1.0861831076155168,0.657049275699946,0.7535437344275467,0.8030573743819093,1.240531671688115,0.7033250536575067,1
295,0.9038409709158155,1.3824334173260784,0.9667768399991158,0.31794938943875717,0.9236291379605293,1.1345740182710498,0.9561395085798534,1.3425048970258782,1.484303290181359,1.0218084770993558,1
296,1.286285906476373,0.581283774427749,0.3753264298827057,0.6204207254596446,1.0394619480474008,0.9294599635768578,0.903160575951854,1.2506150580925517,1.3158856424647578,1.1729651547032063,1
297,0.8286784179709752,1.5298034876584026,1.0177784643444034,0.8456415117482861,1.1763631946276807,0.8879193276298271,1.182897721941503,1.4725022786767359,0.9235895730026585,1.5996665543183304,0
298,0.8272488682326837,1.1757023845644308,0.7796956726857461,0.48285200981070997,1.2298123871198339,0.8937003787492739,0.6472244608200465,1.4478369803314164,1.2531907978077381,1.4124102487801737,0
299,1.209733602197345,1.1683772855277679,1.0850869925307591,0.709126701622838,0.35848497451933203,0.9647960714216907,0.8005820986405368,0.6091147130123034,1.3485601801615692,1.3301211643559778,1
300,0.6834570794462542,1.0663040404177613,1.1415557820484388,0.2965857966564459,1.2733364562914973,0.6357688740908654,1.0189157510427238,1.0657980872612023,0.7883121987191415,1.35170829137212,0
301,0.7806302740475703,1.005240709289637,0.23410031314407775,0.651695775142151,1.1208163869321963,0.8895854283574613,0.7704779005304154,0.8715730299954098,1.3836064513153292,0.9714425547485535,1
302,0.6313868734930954,0.994608471459502,0.9627451204875456,0.6774074586340006,0.9681353063696321,0.9923471181215545,0.7516236955613632,1.3190395700701325,0.39988606523701675,1.483687631348268,0
303,1.0132100213853588,0.8007989923687863,0.9276330771933655,0.43211403180790353,1.0663313828339542,0.6279240305459384,1.0213603865308656,0.92694014955127,1.65643504892684,1.2299383586832902,1
304,0.5858323518572848,1.3751206239451341,0.8964601274060067,0.9804038606096763,1.2052483381328325,1.2376902366730882,0.9485452769722471,0.5899918529833215,0.6346440845471203,1.523242219065737,0
305,0.3205589742112591,0.8127263682421085,1.2884123135085634,0.774247336603535,0.9645388302578696,1.0374186147166942,1.3281811576782472,1.4414873146049787,0.8896510884772213,0.7726366323785094,0
306,1.2294131461892737,1.0046236335303778,0.63412293396351,0.8106484035555249,0.31530700779609955,0.7278836211948996,1.076169327811735,0.9764979576889358,1.218280731164773,1.425177337782639,1
307,1.17379891342317,0.9353328918128221,1.012681697012903,0.5944244346739069,1.0841386579656076,0.349889734858128,0.7348682315724955,1.0338798909201126,1.4163389845421495,1.3556068276734783,1
308,0.983674846226327,1.1288638745272657,0.6640322601183921,0.9073649110818486,0.523139535663359,0.7922595388715984,0.7739099814271407,0.5692861646869343,1.5424099546251184,1.245520557823719,1
309,1.2031417788651364,1.0401549616666963,0.9802465515947834,0.432341431398339,1.2552190188481671,1.2118350331707315,0.704246753407779,0.5232154684029933,1.0017382710486438,1.4579161764075925,1
310,0.9438266015143157,0.7538188273757542,1.0867588014628269,0.9671999544488123,0.7850311460773784,1.2539481136037096,0.4550913569882715,0.7540532626153649,1.668919270044048,1.1098497959648241,1
311,0.8762741126334316,1.5940429375963063,0.9488796987379201,0.481914630827077,1.0637312037808422,0.8544190476629054,1.0765135357251703,1.327827889490988,1.189998263326954,1.431391807724561,0
312,1.2013901695232787,1.2781564608378282,0.4727812953352234,1.019032446428582,0.9739747408717613,0.6080137666885483,1.644847684208391,1.0497257862459848,1.1566213740524758,1.0811616946158316,1
313,1.3716226440383852,1.039501642602052,1.462042389310005,1.0426806372841249,1.3718591986294857,1.4342747825457822,0.5245956825611143,1.17855589445491,0.7819231366804563,1.112732352017583,0
314,0.9518250170095951,1.5764256475759644,0.9824278339329577,0.793390546722067,1.2351424240820597,1.3175506771951164,0.8995740583340817,1.0169335352607982,1.3466839433630677,1.5794170634995695,0
315,1.4319233426875388,0.9457431515229335,1.1551501000143003,0.7081139531439727,1.0498186498538526,1.1162887422412875,0.794187229141008,0.7474153543011619,1.6487397906227799,1.3977476804171207,1
316,0.8496723976135699,1.4011305220092802,1.3505068082071254,0.3426966851593132,0.7687918509089048,1.2129554551540103,0.8440239268198207,1.1184242506046276,1.1326506226627027,1.326859275007529,0
317,1.2185448226657103,1.010168051449598,0.6475485530822971,0.4141659908663884,1.6092495620985674,0.8597304271397049,1.2412099649519717,1.0266304416014083,0.8854840453062849,1.1478017220625412,0
318,0.8726612584077329,0.6848870539304197,0.4523596021173366,0.432124445292674,1.0012348283897916,0.6443629447268878,0.7862813271286238,1.0076410812504535,1.2901409835369664,1.0755045535908474,1
319,1.058265713963755,1.098722804726025,0.38576586583549655,0.7474457277726121,1.037906987174525,0.5327914687234583,0.7405854489516641,1.152723706610426,1.355311293170201,1.3304608541495466,1
320,0.8560962638902568,1.4715560733177195,1.0763655918520152,0.420288382815304,1.1551692389723973,0.88771279443234,0.7584857549911946,1.4281485207510654,0.7876244920981342,1.302654538633548,0
321,0.9786347488957772,1.4985907551904578,1.0022328737753055,1.0632897329385909,1.1332782629285445,0.871006884891572,0.9004941950229619,1.3328004580101938,0.652166619035351,1.6862159126392218,0
322,1.3151910388249892,0.7060807225006651,0.6432029164365507,0.6317713577022088,0.9431291582030128,0.7640224411706841,0.9467726858201501,0.9792024726981379,1.339331624546913,1.611586657031344,1
323,0.8293129446088823,0.8953985689708794,0.8192216917082364,0.4134087780011636,1.5036714333704828,1.1348814106291052,0.8085457994899601,0.8934629481814551,1.2165556417023347,1.465161588365419,1
324,1.1136647998273086,0.6873901482580401,0.3995493029678251,0.5254828984420759,1.2656533703686028,0.7715607020934181,0.997270927117501,0.869952941597561,1.157571225977144,1.373019131046404,1
325,1.2684531735299158,0.5367687541321491,0.5158309780662782,0.6212901295455908,1.209801338119836,1.0783344041881548,0.7857742131042135,0.7895954182410883,1.3649323939380775,1.249033311819039,1
326,1.40207996379646,0.7492403380354132,1.20737247045034,0.5718158883826419,1.0366045769322403,0.5997246407143361,0.8773034181196251,1.2257707549942913,1.490987368747424,1.2836381147053866,1
327,0.7389136825238815,1.010293151885429,0.9979937579560275,0.4925413946653936,0.6243824086338454,0.5500326653306704,0.9405763652013561,1.1535960532189595,0.5363427538865946,1.297572830903658,0
328,1.0385159144099485,0.8996592660676943,0.6203062652681333,0.6356616100044084,1.254463475582898,0.9053382939137598,0.6911594202553342,0.6442015396180463,1.4659823025676164,1.4457705838361088,1
329,1.1074462518428094,1.5100604755259668,0.6281744480272662,0.7260150677638817,0.9427503391054065,0.9769827939709792,0.9905819161858115,1.400125535393951,1.386405034514388,1.4490727330376194,0
330,1.1098244733772344,1.119571224296884,0.7627755505153628,0.8038375311636291,1.0316925615195716,0.6830727335831586,0.5244657054073489,1.1465327398968643,1.6407680066053871,1.3453266506015875,1
331,1.1857882016445225,1.4373037852793051,0.9064600756638217,1.0056952936531824,1.608789834927633,1.1093053273502016,0.888152585727473,1.4245355835357227,1.0554470728661896,1.4325258238998302,0
332,1.3172393918349412,0.6982073635162804,0.48880755164201495,0.7689547484477981,1.368625750978653,0.726179943716321,0.7040530699896744,1.2534820740071804,1.1887955644628685,1.3086047073769393,1
333,1.1231061092837824,1.0652923335948776,0.8926928122635579,0.667234922823542,0.7862295905808183,0.9975270725639803,0.5057361081262434,0.6955491681685975,1.4775171870226047,1.4976150086906856,1
334,0.8174394814025886,1.0711011418093908,0.28000932341418194,0.5528832578051324,0.8394931143540905,1.116224073310236,1.1680985746660277,0.8053149599872073,1.068219234087801,1.3650103753261795,1
335,1.394705864412411,0.6482945695797102,0.7190739363741265,0.4221797716994098,0.9123550324782632,0.7415680126413635,0.9094421801831228,0.7452349415823285,1.3247219424390415,1.2338714931531953,1
336,0.578127446514717,1.034744229702904,0.9064067381124823,0.42616983274830156,0.837292577712132,1.469499541915086,0.925888178202136,1.327411342573608,0.8594447312933717,1.3215984600958464,0
337,1.314544959275815,0.8904894679072944,0.6565090909794999,0.41323148315414815,1.0279745913364076,0.8431498264759479,0.8820612174911365,0.7031363610199508,1.5471391280302607,1.0015027737388353,1
338,1.3114955106786352,1.0278379643749227,0.43951244590242433,0.8147403187497264,0.6837089557963014,0.981282318327886,0.9887855820115113,1.2041864502638173,1.4140349778086265,1.4899948346967422,1
339,0.7893507436492171,1.3813119375134661,0.712110555906873,0.5077937837484982,0.5893728144081196,1.2308456635509062,0.7451144842635938,1.1445750815254898,1.123483839987787,1.4025662191191737,0
340,0.9099852481357203,1.317427229981126,0.7875483818647808,0.4112772243773578,0.9203386842314162,0.5711448881211212,0.8845371245246532,1.1217081250704284,0.934157699100723,1.525989274990173,0
341,0.8439705351031531,1.4775448825181703,0.4889863389329183,0.8722201624307486,1.0091689898890754,0.8094069923051734,0.9861389900134354,1.037623041123835,1.5891553619340004,1.291584664040689,1
342,0.713200988671209,0.7302058730477425,0.6266831946936358,0.6589442888700389,0.8248078714243314,0.6822078311034355,1.095294734629439,1.2009680821651205,1.4243624507823318,1.4775312872329085,1
343,0.7759225162085247,1.2343195385221326,0.950030061511481,0.33299018357413,1.0883267776582806,1.039696148700494,0.848093203572698,1.2987488453196132,0.6157735401847162,1.422078928030642,0
344,0.9839519280989907,1.0377806860726726,0.9567569766752709,0.5473020232488964,1.1772660252081029,0.7722067895642736,1.0241196719024743,0.8261621542202686,1.7205134754968676,1.3978135844124,1
345,0.45329121491239244,1.228901891926355,1.1370946727151638,0.4854944498902727,1.1164990127172836,0.8276250374761576,1.0002173319066878,1.4454139052480561,1.1347748723064095,1.3245912964084021,0
346,0.9084522790917994,1.1158384777698942,0.5488130788736914,0.7559693029813918,0.8655180901375602,0.5492680073857412,0.9470229316637411,0.9902016847903943,1.629905465842442,1.3068414200963385,1
347,0.5223399284881559,1.4181538241498004,1.0894272128289517,1.068957770741802,1.2974703411139596,1.1229546477789614,1.1116142648457956,1.2686483068740142,1.4726646463085022,1.4154369517339265,0
348,0.8874970099724305,1.1248133937333165,0.4708086725353927,1.0182199942501073,0.855994991804512,0.7087554525361013,0.780743386231658,1.0371770635351913,1.2919343933990315,1.6716748835032078,1
349,0.8873782012955032,1.2175726476734312,0.5744837120459484,0.6746658447403453,1.3679861529745159,0.9683969346768054,1.0843447805846054,1.4521128390357452,1.5354309634957346,1.1358422214432056,1
350,0.6853179995296647,1.5028497806794268,0.9283564472150555,0.7201826216979053,0.8373045472913554,0.5493196078238427,0.9717367823479601,0.724116499204799,1.3105035899673676,1.4022202775909272,0
351,1.43682006678789,0.6931771604225438,0.39939152155787305,1.0090168374848056,0.9924791137736466,1.2587743861744172,0.8366186307059189,0.8374355522320491,1.4809297548891667,0.9470728867930838,1
352,0.8528234872182116,1.1974681774812586,1.1039222454618411,0.21111260695066858,0.8213537888569162,0.7754253328397456,1.1519303480276364,1.2988989830898074,0.6741312028655344,1.0723884340065404,0
353,1.2959890597125132,1.128860979396466,0.592816175206168,0.6449107734397627,1.2412678260083871,0.5908356926917085,1.0401738689520088,1.3520942374341387,0.877604135619483,1.4875527303649954,1
354,0.8726981926831018,1.4276364558706256,0.6268867575420457,0.8535714179929235,0.6854630182713548,1.2230737411600732,0.8665596899372249,0.8115576906430879,1.241011512077268,1.6165774193147737,0
355,0.9687663713737446,1.1372185938574562,0.6870382174111489,0.4294697439387698,0.9954967088831287,0.8977171751484158,1.297350667471356,0.98032579282293,0.9418543615494929,1.6738532499477228,1
356,1.0446039812644767,1.220084397405424,0.6328852674257952,0.38893441692597974,1.0088789139816008,1.4366857660021313,0.8390698986614034,1.107505487679552,1.2786024285814412,1.3681717469218948,0
357,0.6613001100468585,1.6220635547237574,1.4025965437038637,1.022084969749287,1.114531602635286,0.6796557881717746,0.7440082306544995,1.166526173238375,0.9304044899248847,1.3491466828087049,0
358,1.0142303756956175,0.7347124291164062,0.5417400685735583,0.6891062628013853,0.7255201606253077,0.8205345620636287,0.9211992583107482,0.8829005352387573,1.0542369281555481,1.7016782802760888,1
359,1.185330450269029,0.9334619268349252,0.6792430673072456,1.185588685575433,0.9307711487753317,0.9353756917033729,1.4366560787694453,0.9360128129049419,1.4660976372921422,1.634758462051361,1
360,1.084054061835605,1.1127908514480653,0.8696587934144785,0.17899143076426804,0.8956249334287772,1.0001874632186474,1.062580348400986,1.132374344265393,1.193972009153717,1.4681993598894243,0
361,0.43575550448552003,1.129279197272048,1.5752484070308266,0.9196992188045082,1.3878156743650445,1.0921581434765923,0.9726385431153777,0.8396158952175321,0.8805349550518256,1.3576567700124473,0
362,0.5880187934725334,1.4689088258354006,1.2524057479007984,0.9530601726249045,0.5315996336660487,1.1259960499157904,0.6725775581536483,0.8391622325576409,1.0389735996814056,1.4178718672580333,0
363,1.5300457267511764,0.7507065145515504,0.7314067939316258,0.5751667730372412,0.8315577425143245,0.7096329092903974,1.1745252372273212,0.6928120014997048,1.2704835294771086,1.305954242565467,1
364,0.6108574135025533,0.9388058551606818,0.6051726252424356,0.6436785981669753,0.8303351481115862,0.8247619640069865,0.8045202746007137,0.7243316215500736,1.5076914302215414,1.3612744514693325,1
365,0.6558897909841607,1.2399671486267008,0.8149701862850949,0.49173086531411325,1.0187431147987753,0.6932483332527009,1.1760075753375752,1.183760856754126,0.9031975493340925,1.6023828213707456,0
366,1.0831390780441437,0.8599240230632366,0.2304810023349686,0.707086911784907,0.8330366808683056,1.1159078446031625,1.128057274821801,0.773059723830075,0.8751282588159971,1.413163605206059,1
367,1.189813327481924,1.1625541683229001,0.9373511128536366,0.7070224000510954,1.1905724048061899,0.6469275942595785,0.39273993942466423,0.5990935289049122,1.1385802936963505,1.3716356323508354,1
368,0.7659502371644691,1.505022919965658,1.2575020475407865,0.42381173664121796,0.9912008546321093,1.0109994974941543,1.0942579427256756,0.9962070645022817,0.8925925952446885,1.5208057496598117,0
369,0.8092639382286407,1.4710431402661395,1.09364722486926,0.6496168488436542,1.6488750917654573,1.1342584408511862,1.0766036660791651,1.2515451761283343,0.7687730288587713,1.2202878486921835,0
370,0.5181908462007634,1.5947486864772902,0.984405945673902,0.730670697328938,0.85437314906557,1.4146015056530623,1.123296175713704,0.749418472393689,0.7423803457297793,1.0623696083752783,0
371,0.6672109832391249,1.155000299736983,1.130390058619903,0.3737086011946862,1.258407636950923,0.5573776120429086,1.01627100047539,1.3510707159715982,0.9942678570363319,1.264095736642458,0
372,1.091709913747086,1.3360459697116367,0.9883814992195696,0.607866583199068,1.2116602425985383,0.64772592577431,1.0322318181554648,1.2857936052712096,1.4205865317483817,1.5442901841450156,1
373,1.0060288058965112,1.0459899847909286,0.514485730073055,0.6850516362920549,0.9195092787766626,1.1448376492478292,0.9143418959798928,1.2810895701909455,1.0581037400448159,1.7387493444931443,1
374,1.2923606700871817,1.2211291565469784,0.7398740086358488,0.6581951007209461,1.1044659914574917,0.7394721208881236,0.6100968912942726,0.7803418997056351,1.5751890845736598,1.2668829270952262,1
375,0.8783778584866948,0.9249767176494925,0.6053976309573781,0.8216469686932554,0.828029750400233,0.7979853709161697,0.8812619744626946,1.061793505119608,1.4827078583076716,1.6861129781617543,1
376,0.47484950483970767,1.521884420531028,0.9212675763683699,0.653141954544555,0.8922379316119124,1.0929755231061455,0.7266537549307945,1.236911664070513,1.0641698740687584,1.4124610533463455,0
377,0.8875380855642331,1.0131863133663686,0.4201384941321974,0.7654590955906713,0.820657599334746,1.016790547248986,1.1459312301549247,1.1668983231984702,1.5061437971091585,1.5080861151285871,1
378,1.0256119528159158,1.3215062538457152,0.6116652463328272,0.7303389691257074,1.2879880977114504,1.1078132691046494,0.8057818908061329,0.43542202471630875,1.0477211088754594,1.4681342653214482,1
379,1.025976754076905,1.2041737721853392,0.7404095576221947,1.475274223529604,1.152378696494935,0.7530803578576888,0.6223902934554164,0.7237266577848271,1.4412016625190345,1.408169033302986,1
380,1.383104082978449,0.8139355727657063,0.6512279331232228,0.5848227835501725,0.9891147390960524,0.704746185940438,1.202408867684717,1.1235743788858092,1.3716096285665733,1.4929200932516498,1
381,1.3319146748804123,1.407106179093622,0.8284744436094121,0.7943325052060738,1.0262005704161685,1.403948993879199,1.3955642952750944,1.2300857361062858,1.0542469509289096,1.525511678029732,0
382,1.189319331989478,1.3050997264412616,0.9315602591923775,0.8997239259383741,0.9898143474250665,1.0237420900133882,0.930514331336095,0.7432701721291104,1.606971249161177,1.645378233268175,1
383,0.8512863230900207,1.002617752982437,1.341959373440393,0.4241910186638925,0.9959546853063377,0.9862516959933715,1.2586368097563965,1.564282947231041,0.6578074363682859,1.1636331832562543,0
384,0.6906296265165583,1.7056187101187246,0.9507852854424521,1.0271655969679039,0.8110749733472936,1.070405107841383,1.3056890454597874,1.0411851650327735,0.9702416871028401,1.5162896839258355,0
385,0.7040651186964457,1.3298583378588458,1.0569812610230447,1.1205655922844082,1.023784395734145,0.47594656935803403,0.9643421726487658,0.9371356345962215,1.1354512869844848,1.6979003803834387,0
386,1.2110192005697265,0.8777006171806272,0.6377321283528499,0.8680116892759825,1.1013680577233278,0.49750133452978373,0.5132284278075603,0.7057326680451592,1.1427537195555404,1.430297560339317,1
387,0.6396319130375789,1.1233726100183383,0.7528764330568547,0.7591581043143476,1.3472103114189982,0.8801576971646167,1.4595784812280368,1.3165672467586687,1.5367671088130652,1.0370925302966885,1
388,0.5961964417758892,1.1679176473797703,1.2082001072191177,0.949842586755213,0.896305323698296,1.0098020538888475,0.6668006680411711,1.5856761718477606,1.090107491321053,1.538402173175911,0
389,0.8794128592405526,1.5881024765893303,0.580465403040081,0.7207924023017861,1.2960334937076459,0.7190298868355725,1.1445329621662799,0.6510619113664383,0.7414053145210049,1.097617855723524,0
390,1.2123611668826657,0.7902126648888335,0.9272016808349236,0.3637818738505654,1.2195978564677603,1.1233764365257919,0.9164842555786951,1.0181342998710667,1.4609444388745836,1.4664766207757132,1
391,1.0836935144510318,1.2430497703394212,0.6338098138834863,0.2879504686955091,1.0458131520377507,1.0649625393743465,0.5898430767930111,1.0504852618942537,1.305082362172556,1.1504683683843822,1
392,0.6638925383138921,1.4217132215479666,0.7534027737357539,0.9854042717731748,0.861180950807855,0.8574497717491019,0.8760894258003608,0.9796982999976735,0.685898956275257,1.7029578611861664,0
393,1.2035515008625355,0.8556341555783662,0.6018106060131508,0.5017753607269082,1.243531626045778,1.2367758918655376,0.9179454106750962,0.7472056804544724,1.40333391930493,1.4269145756000363,1
394,1.0886522886271819,1.031896054529589,0.6763736084601036,0.40842587607610636,1.0194823643629338,1.0102240511445584,0.6165099629110098,0.7968535395467582,1.5071398781745498,1.3007014887061294,1
395,0.8041776023906051,1.4825559869835825,0.7361282084050293,0.6054811903149009,0.7867273249320538,0.6591944382015067,0.6499353759025408,1.2659165708781654,0.9115423600917592,1.375239405942744,0
396,0.9121318576404215,1.4069555097932942,0.6415084528105649,0.1882778595283502,1.0873561374115206,0.9293406845994105,1.0508094871124165,1.1315638836914728,1.0043827709282958,1.0819980372877571,0
397,1.0545500923758553,1.4249935847568433,1.4057656510892196,0.567911168660701,0.8311900667351408,1.103444887270941,1.1959043460388825,1.494070113203592,0.6214625789140044,1.0092850187690314,0
398,1.3682995865226992,1.1230974882809062,0.6284290406145978,0.3289125899942137,0.9750945507545002,0.6623146836874568,0.8901066783569883,0.7278656861772344,0.9226826580156935,1.2324131680671646,1
399,0.5883248856689776,1.2491881120190587,1.1694065730659917,0.4901741760916022,1.2287184990839275,0.9026662915878181,1.3252638027796384,1.2610116996180176,0.7507864101974574,1.426603870882786,0
400,1.0609063299674146,0.6573222167692633,0.42386674309549444,0.6868638173743185,0.8292467506206576,0.6831727185621786,0.9387494949140687,1.0201875889173093,1.3853331729201988,1.4082910010764178,1
401,1.0874699836600525,1.1265304193577999,0.9310575581004671,0.43048898672643254,1.4380629741252098,1.3211275304305365,0.7856050155947853,1.0513528426291934,0.8788605079679844,1.5375351523266811,0
402,0.6790996583456979,1.041971478142919,1.311486215931662,0.8479075457579839,0.9706869824309898,1.617597443637996,1.1260307525198046,1.5832079644821393,0.8290844187164024,1.0871339007910092,0
403,0.7427491148460699,1.5957460372861503,1.294351337069124,0.8131398502886569,1.1151350706462488,1.0308887807606848,0.9420504794054642,0.7872049221397005,1.0383264851085667,1.6269212096681356,0
404,0.5106053512698323,1.2454328559813408,1.409943766263725,0.9371496969560956,0.680576141721313,1.1409842588447163,1.2938448108511493,1.3148872065424677,0.5661198957549,1.1805345004709014,0
405,0.7371766927465276,1.1655221976219095,1.074726900780017,0.4973516701385613,1.0392879198712184,1.0580493294029352,0.7981003244314009,1.2398514119312274,0.3862998180835331,1.4067597579281033,0
406,1.3991384792173538,1.3319792255605427,0.8972133359972773,0.5419526160697059,1.5753949660593782,1.130008070615472,1.0226808288622569,0.638166363827582,1.0634528096705762,1.1632790227547058,1
407,0.7581171741566441,1.3901297375048753,1.1321673244426709,0.6064960572095115,1.4637058943693728,0.6700742601197365,0.6100628882491699,1.1792506071340616,0.934749015158348,1.323518715416376,0
408,1.1994720036575859,1.2213626689308854,0.528131348322153,0.5672621982263637,1.2573494819011921,1.130583681409475,0.7088168329513579,1.3034947899361087,1.4865060453543197,1.0664962322095957,1
409,1.3969509948817147,0.8544385965479426,0.8115580609841195,0.5459737771561499,1.0273370468156489,0.5472174687895806,0.8244027662861285,1.1272570339500545,1.2670717861704566,1.505446530538734,1
410,1.240126062554587,1.132229971754396,0.5298020300637301,0.20641834954264682,1.1980032620297836,1.086145782640663,1.0165453072236637,0.9641271658619989,1.0803405897372187,1.1391227384589113,1
411,0.944677854608768,1.3043734737076274,0.9277694060552422,0.6599693639481431,0.9726850890135144,1.1208103044926274,1.0937751738505725,1.012270633766599,1.1041374140280955,1.8650595181020908,0
412,1.082742043753214,0.6372920223912308,0.4396520752521519,0.6988294493289664,0.9743931846866287,0.5330150659299411,0.981555810430097,0.985114549552386,1.084713099774796,1.480035902967164,1
413,0.9108574041119677,0.7657694623247924,0.9031930229064503,0.7216736674012552,0.8712103071414833,0.9820536167622237,1.0137860489173465,0.299475657020008,1.5294370682310532,1.2494306265468738,1
414,0.464604478557454,1.0409559271294218,0.6800902199280712,0.7490203959600601,1.3899124379139045,1.2774849332364835,1.3481041871011703,1.2750449487077586,0.7201870496764856,1.2054022520653782,0
415,0.7527361682247931,1.3762438176535812,0.8069423316130775,0.5608624978421287,1.3454617707203005,1.0404715631804056,1.5112244200812264,1.1536033446633658,0.6676828069625129,1.2254490710247157,0
416,0.5535676069900695,1.129793378991193,0.6729696921618805,0.7920215466384913,1.0300222278604314,0.943679586198526,1.315028204115144,1.299863993589239,1.2417592280712353,1.6180339038926281,0
417,0.5689271738164963,1.2725435311800835,1.098053040342144,0.3233493051498755,1.1019609846140443,0.8250713073482541,0.8034863380959112,1.1955132289996746,1.3766938984043842,1.112642157100807,0
418,0.4444946651431454,1.0287358247271932,0.9468879506045795,0.6078448336655746,0.9869469446008267,0.9049423261317807,0.9650209909060657,1.5460189941227571,0.9581869134725681,1.472933991385264,0
419,0.924591460548654,0.8063350226973435,1.1052190968271256,0.2397092689532998,1.1855494201270196,0.8239944568565585,0.9437159369823374,1.2088914955601588,1.3186668352148063,1.392346443378663,0
420,0.7533818054045401,1.247324213769721,0.6409524625947123,0.6471548300618142,0.9349638381420803,1.3576821912048431,1.0136685272782378,1.1689567000589969,1.652595118269689,1.1944621185106186,0
421,0.9749263416394501,0.6112643994728637,1.0495967020148331,0.6394514762507753,1.2873795267548969,1.4681052028942194,1.2907649326419053,1.2533902828575243,0.9812421922135858,1.5147704959323183,0
422,1.4518903853518577,0.7753126954243317,0.7564726522335077,0.5740421696318134,1.072704808927251,0.5566155029477873,0.9958658374348723,1.0005939806636754,1.3893593188411186,1.3886786946540295,1
423,0.8622765503845976,1.306494797238036,0.728323453026015,0.9132466757828822,0.5411895166119572,1.1200492288419208,0.8293470162964901,1.6352249290383345,1.2138512983784955,1.3201163836864263,0
424,1.1739038371099026,1.4603170755758172,0.8412812058635016,0.7484763798913504,0.783900552885517,0.8232671451037656,0.7332403618231139,1.6312413087422795,0.8808466709521597,1.3281045184053473,0
425,1.2072142664381436,0.950407212580407,0.7471579030370505,0.44645917883566666,0.9362267133381681,0.594549132154419,0.6388742339944566,0.9970304315723272,1.4499657300505802,1.2879565987618196,1
426,1.399028009769236,1.146459509771228,0.8018831386157266,0.661925437253551,1.0404264091745035,1.1283455857854852,1.5027478279044968,0.8479234958669245,1.299499732164598,1.5311232847354366,1
427,0.6899279772032134,1.6916216490440161,1.3083925428686147,1.1589409429303454,1.158688266005823,0.8710200863894344,0.7459944542629444,0.9177963401093291,1.2075926585736474,1.38595064020492,0
428,0.7063211742609412,1.3291563788128267,0.8504875335587965,0.9075292892000693,0.976600010191159,1.1153511734220913,1.5400526429611445,1.2701510411482764,1.1507658970269676,1.610967891938774,0
429,1.1267840205605073,0.63401214827237,0.28924027746933834,0.6154979973971306,0.8041247412392629,1.0497094859716307,0.8835500043699838,0.9560148663872041,1.298017431567023,1.2276174386370824,1
430,0.9502968384057147,1.36969613311582,0.690492677953397,0.8752032865606962,0.9924455966153293,1.0439482776315432,1.2240554921154623,1.696028961087478,0.7709883772668542,1.4004913745853576,0
431,1.1675206014363408,1.201740038668174,0.9346302654190728,0.5005479391167471,0.6661673274508945,0.9894904259586591,1.0152677495599827,0.6972519957464695,1.5469537758624627,1.4182220056127188,1
432,1.017810073847836,1.197315433680039,0.8958559608690368,0.10898572343994051,1.0795071040571318,0.7572487653607652,1.0481447720423767,1.0839407392627525,1.056466433726768,1.279633747150807,1
433,0.9461595802690252,0.7983126920811248,1.0287855193429907,0.8664879878139986,1.502724666014556,1.066344791309018,1.1971031725213976,1.712429730388663,0.9490480894537826,1.3628136929673025,0
434,1.153028542166227,1.2708982780828995,1.0378049642923304,0.22043087265723016,0.8644203629442083,0.9888777448089872,1.0930330606822758,1.0167683021280602,0.7631764433714469,1.4588157394074506,0
435,1.2068523216664777,1.320495018561969,0.600284032776881,0.6904127262536862,0.9323368473523888,0.6771380380108489,0.6558176168772096,1.092525382391116,0.7615270432375423,1.553324467657025,1
436,0.7487312824550758,0.9233754892162757,1.163310938355988,0.7116992661612388,1.5580026712188548,1.1181476780180806,1.0798143226822368,1.5111007515544679,0.6194609830068039,1.2889201230521108,0
437,0.44642552750670117,1.1952985739075155,1.0241332514763437,0.6718500905281426,1.0420530708440967,0.4861257151770394,0.8908941376052153,1.488641722185764,1.015976888328671,1.1743091200146292,0
438,1.1212380735654155,1.2687504066355753,0.5862173195015721,0.5144281318046136,1.1981443503264209,0.3618962529327633,1.1356492454040024,1.0155790921462582,1.0880301097098954,1.1823406177852254,1
439,1.2469324306423801,0.9512189206218236,0.9708443401776189,0.9914507003108078,1.3374721927932518,0.7378632130940103,0.775656962764675,1.065202741821668,1.7277805383188447,1.410941302567787,1
440,0.7423572793137141,1.1183893533747118,0.9203425947902412,0.6215762832192935,1.4656722328742409,1.018446487533501,0.4567282922912136,1.0648648709683273,0.8615573651492632,1.4840924637490567,0
441,0.8561816718132272,0.9541975547288727,1.0036916830562728,0.7045754362735499,1.3700834523856833,0.6604894134253019,1.6032582305622523,1.3463384139000876,0.9005700673212103,1.379397972827422,0
442,1.0471805621415182,1.005800231669655,0.867575164635844,0.3805202688453245,0.6458632598223076,0.6345394759852172,0.5360704962325459,1.0321392632173332,1.3480120318506854,0.9900621350310052,1
443,0.7486472814361792,0.8618386399258247,1.0695446177602135,0.674377382832622,1.0976498839326596,0.9418548680665395,1.071727458941921,0.5279486252934881,1.723315128450872,1.206853201107906,1
444,0.529803876338281,1.0423332542543164,1.004083356151504,1.0786235665440458,1.0427882359035234,1.0913204427417569,0.7516203955349112,1.6494985363787695,0.7210306933187791,1.4465313591756819,0
445,0.6522435374869973,0.702978573960487,1.1123614131783457,0.7680918555779034,1.2254910275153876,0.8133231793964113,0.8011270475509737,0.932776509356231,0.712952992255376,1.7157355434986332,0
446,1.2228088488527145,1.0368108681441175,0.5227286106205749,1.2020611038110354,0.614220934085603,0.559271934184806,0.5601300626731966,1.1916956235883183,1.326945983987853,0.9861673553384911,1
447,1.3265335887953749,1.542226496562442,0.6479108016525679,0.7984358028403177,0.902529112720728,0.8433721491139916,1.1900412821501416,0.8918219556479922,1.430076489635192,1.4098225103215611,1
448,0.893080345180655,1.639496382986347,0.8407878347504527,1.193523446746376,1.0975845165521338,1.0331602424958097,0.7951461546792412,1.4978682048241447,0.752201207705267,1.393634725631904,0
449,0.4397393399093955,1.228324380899194,1.0511563302822713,0.8006198300646702,1.0766794356940865,0.6131670714106555,1.1326541896739255,1.3191281360068394,0.8849846520435246,1.5508345173972695,0
450,1.3067280855365782,1.3098329928364736,1.0059642252431409,0.41386195220977284,1.220524942926001,1.0922519578600605,1.1109115455380252,1.1152201836693096,1.6091098309772311,1.112225188838806,0
451,0.7931071455266869,0.8238817214512067,0.8737972703626862,0.267716319006588,1.0926999935495576,0.7938318510314406,1.1956959753555672,1.2698086594974347,1.4275682974642732,1.1703065158819452,0
452,0.7092035525252147,1.0860970724354053,1.073100952231053,0.5365161182650309,0.8273418368725824,0.9831389034957747,0.9777445373087993,1.6100889431276748,1.3216605496849025,1.4261445660444356,0
453,1.4349935863536056,0.8243481368659963,1.0666497953253236,0.7765207275141603,0.6225023574720407,0.656385918625433,1.0826020161298293,1.0226459681598075,1.5074134413576141,1.4473951071648354,1
454,0.8674555810549549,0.8372899038344983,0.849896052025276,1.4025329451941855,0.7891600219893493,1.4251961077293112,0.8072098496994916,1.4408144350813028,0.6193810642241169,1.4120582793637757,0
455,0.6520213747204906,1.175420968193463,0.966905468149341,0.4752630662312557,1.092790922333936,1.3312553502985642,1.0253065525769869,1.5602766947938762,0.6572227489671941,1.1459704080973836,0
456,1.000970655307833,0.9385106341092856,0.41938636756314174,0.8493302224468331,0.9238051689961165,0.47979939610679023,0.907595614383899,0.8771942899387981,1.5043788165312055,1.2863082598153124,1
457,1.3205036118982878,1.072431912732015,0.5192088368762315,0.5112720741278924,1.0861550576891807,0.7998944819798723,0.9420289472655013,0.9939390023296479,1.4677727524262572,1.3903104992760285,1
458,1.0648279005581656,1.3405741920649739,1.0149711243125874,0.6879028672162345,0.6305278809865866,0.6824195874916691,1.2883455176664946,1.079653982109937,1.5117224598626344,1.4398443732322408,1
459,0.8623070855983206,0.9316707420249327,0.5541901030569023,0.6036573375667493,0.9076426144410392,0.8695696307476951,1.0628623071829177,1.1856005907969083,1.3650556194262171,1.6506389024776311,1
460,1.0375479841190185,1.2089652894347063,0.9792981657392348,0.6122853058998083,0.5715510740196239,0.4890403578109177,1.3234811916457678,0.9600861586607685,1.4480128166542325,1.2292934553184864,1
461,1.1181061360112692,0.9034382351852921,0.7790433339128295,0.4833523479042069,1.327552460332523,0.8794583176594951,0.6175621328008838,0.8341237029309828,1.5216586896719895,1.3053813244930026,1
462,0.8526928032415456,1.3277165660493049,0.6591020201197735,0.2987574808060216,1.0615285804645054,1.0081071236939663,1.319974201656288,1.0564353438252725,0.8915210706906586,1.3765133877794493,0
463,0.8032684117129804,1.2299476448020634,0.8889841671713354,0.8107786552782333,0.8706268966279916,1.0171175939775914,1.4152900797365298,1.7328262922889375,1.061802436570079,1.360473788672472,0
464,0.48260254688799675,1.6006457113918815,0.7081654127251137,0.7105229056427851,0.9988113966059133,1.0506717776190262,1.1976902421842892,0.9886430772541515,0.7105494676193094,1.2774871642844947,0
465,0.9240008932400594,1.022541574177647,0.6086247544865171,0.6635515413987463,1.3193560110948204,1.1324252593356823,0.615325953313425,0.9171367675257913,1.2914416395032355,1.6066634052341002,1
466,1.133168412355516,1.0913287779670577,0.8808905763429262,0.6148175599037861,0.5731032643051914,0.7371086048891552,1.1358188557758837,0.9163966160450528,1.4474582886386884,1.5782428082291204,1
467,0.9156633661443078,0.9667690713827183,0.44907718948209463,0.5955373121513137,0.9324680935832418,1.1994290706053656,1.0270226227182868,0.4093993839460942,1.0313670192200968,0.639692747423801,1
468,0.7520048343675084,0.7235167052902512,0.8601810307403188,0.6434686073157674,0.868598461317672,0.8345928716049233,0.6365203354325666,0.3698407710929229,1.3458399539219816,1.148128764538134,1
469,0.8372831121095542,1.3902691722894875,1.3015835391795458,0.2734465030950346,1.2114190623621672,1.0705920325875928,0.7913785290954811,1.1434122199299683,0.8486349270370437,1.256316112117827,0
470,0.9358963400377993,1.0300269937945252,0.6846089976082534,0.7390522134235339,0.9426540716935464,0.45284518025223186,0.9026316243497128,1.1216818094458156,1.3838422501803769,1.5942516134579918,0
471,1.6068453808463818,1.0752411606047472,0.6665104686157037,0.4429166682041912,1.1672477720981052,0.8560060138438188,0.689000283236553,0.8421931405195648,1.1432738568339544,0.8831110215221348,1
472,0.7151511642833768,0.78631766873131,0.8544489257547974,0.815114842774244,0.779419130091818,0.8385261752690683,1.023440475051733,0.9109890173464279,1.48670487304052,1.7055137170391919,1
